494 248 3
37 24248 67 36566 120 24282 131 24307 151 24879 177 35662
46 21646 49 21598 66 23262 95 8466 148 9729 181 13802
45 20800 56 13500 93 20841 94 23128 154 22847 205 20418
4 18843 40 28276 63 18094 228 22110 235 19044 239 27471
17 16971 81 21161 168 25013 187 21785 196 20665 228 19667
101 18367 135 13513 152 12077 157 9969 197 7949 206 8166
25 8060 74 8555 162 11547 191 13439 193 13204 241 14419
30 9196 59 10477 94 9051 146 2156 187 2026 211 2041
3 10864 125 19315 139 17487 165 32152 168 28763 201 23336
101 15331 103 14772 109 9250 120 23889 131 18894 212 23024
10 17910 27 21288 36 29599 137 22379 169 28767 176 32910
55 25789 75 16159 122 21621 140 21355 165 29008 210 17628
39 13558 77 15216 139 20381 155 4286 177 4494 212 3733
6 10975 33 10808 55 12454 170 23571 208 17923 218 13386
2 21854 126 30569 172 20086 175 34487 194 25149 243 27856
59 3915 71 3628 105 3026 134 13737 172 14839 247 13273
6 9171 102 6009 111 9196 211 1773 225 2320 238 2612
40 14241 81 9791 142 8383 179 27852 204 17399 231 17768
2 13294 99 14542 121 15518 151 22841 205 24041 220 22749
12 22742 62 18152 132 21741 137 16465 214 29767 228 19844
27 9803 76 11856 89 11978 115 6401 136 5484 148 5111
61 17584 91 16647 147 16556 166 27059 176 35362 194 26414
6 9849 16 7463 78 9664 150 22791 210 22346 227 22709
17 4088 43 5041 101 6387 127 16838 133 15292 198 21594
48 27959 91 21605 145 22840 203 22124 219 22497 224 35928
59 5934 60 5972 79 4644 104 1872 238 2188 246 1850
14 20236 26 21541 192 19681 217 14907 226 15724 232 11419
9 2871 55 3427 67 3529 72 13946 125 16118 224 17282
5 19141 87 23156 164 17669 208 21614 211 20999 242 20025
54 20281 142 16659 158 16101 186 15105 199 19843 209 15323
7 26687 15 21572 194 22152 212 30108 216 29944 221 27361
14 10816 31 16791 47 15653 74 16804 182 13774 187 17878
15 4502 23 4857 116 5890 152 1177 226 1864 234 1606
49 24595 65 19015 127 21697 171 5053 179 7214 224 7945
11 24161 22 21920 98 20159 118 3355 119 5645 221 3497
29 10952 36 11402 49 8506 128 26033 213 37697 247 26481
22 8776 82 15629 110 12956 179 18497 227 11367 247 11597
24 22190 195 22513 199 26472 204 20345 213 29070 227 20015
6 17078 19 10729 67 19958 155 34532 186 26083 218 25333
6 9052 41 7413 76 8435 102 19373 145 26821 179 31677
19 6432 95 7616 125 11267 131 18490 138 21932 208 25413
27 5068 115 7040 140 5162 158 27347 209 26953 243 30365
30 7174 64 7395 95 7013 155 2924 236 4083 245 3595
42 26818 58 19001 130 20976 138 11105 189 14047 192 11179
8 4651 72 4064 88 4789 181 7269 197 4477 213 5732
5 12283 35 13861 47 16443 97 22049 118 20434 180 25508
5 19351 15 15481 57 20366 217 29641 231 20297 235 18784
52 21186 89 32007 179 36423 209 25575 237 27688 239 35464
28 25139 32 16840 45 27782 81 14862 197 13757 226 19393
45 37657 64 27191 120 26902 141 20872 215 14344 244 17594
19 13024 123 20018 125 22815 136 18845 142 14196 145 18642
1 21035 45 29778 107 17103 116 4541 125 5861 215 4291
27 7452 72 9209 108 9114 143 783 164 726 190 1168
10 16235 87 24681 97 17622 110 5872 118 3906 229 6488
40 9348 61 7220 109 4859 120 26168 162 34800 215 27169
17 25645 18 40515 52 24696 98 26684 102 28632 135 32503
54 18892 71 18047 83 23360 136 9451 213 9856 214 11353
17 3959 25 4407 55 6942 198 17182 225 20380 247 12765
161 13693 207 13524 231 8231 233 25911 234 20802 247 15403
2 11737 36 15390 103 13993 117 11456 139 9423 238 11418
35 11610 68 8370 69 13463 108 1852 179 2105 206 1508
10 8663 36 14317 144 8472 178 6922 189 9030 192 7187
14 31931 142 29272 144 26865 155 4429 185 4237 233 5828
67 12298 116 8974 124 7453 131 24044 154 28982 217 39101
19 23016 47 39958 149 31123 175 15038 177 14754 229 17746
37 20563 57 22753 161 30172 194 26345 214 43360 222 24942
18 4082 74 3053 91 3426 104 25555 174 20080 242 19335
10 13106 78 19835 134 14054 164 4817 192 4694 230 4827
8 23650 57 18612 69 23143 125 34383 154 23115 175 28676
20 9552 50 6428 71 6707 81 13369 168 15803 243 12283
84 11362 111 14692 138 10667 233 14206 237 8956 244 12423
21 11053 49 14167 99 15844 103 6643 153 6003 163 5164
46 8321 53 10005 56 7325 97 3848 110 5361 174 4439
34 4856 146 5696 196 5078 222 20572 241 25158 243 24068
53 12693 55 14956 112 10214 179 22877 185 17540 239 19484
6 27639 67 32300 69 29470 112 33445 134 30005 151 27113
13 30292 74 23565 75 21913 145 31300 150 22800 219 25492
8 16259 94 11176 133 9555 148 15992 208 15783 243 13870
45 14935 61 12462 65 8495 136 7371 139 8008 165 8569
17 15560 38 27568 46 19259 102 18796 208 24198 230 21616
29 7409 55 8169 79 4884 112 8360 114 6860 204 7220
141 4035 173 2937 181 4173 198 19442 213 20562 233 24297
28 20563 49 16721 66 18009 87 6325 119 7041 165 6843
6 3334 18 3409 33 3283 197 9080 213 11625 215 9795
21 5682 26 7310 27 7022 57 1294 61 1368 201 1168
0 34742 23 20997 32 19659 157 32178 194 22992 208 28980
8 38396 30 26816 131 21630 181 15594 228 9444 244 12708
15 7993 107 7651 138 8928 157 2682 174 2324 236 3434
7 15019 121 17767 125 20499 149 26388 189 28608 242 24279
58 28767 77 32383 159 27254 171 20845 214 30597 226 29243
24 22684 40 37273 154 23497 162 18520 177 16159 226 18894
45 32689 52 18754 142 20789 151 24772 164 29655 168 37612
20 16151 94 10572 158 9424 170 23446 194 14145 228 15520
22 11322 23 11992 51 18578 80 6888 112 8555 167 12489
16 26782 64 27722 72 33652 95 17531 108 22208 237 16789
2 21534 36 28235 68 17467 143 14511 160 19320 163 13548
50 26631 84 26820 144 21928 187 874 209 707 219 794
0 16221 2 11391 5 11357 154 29565 187 32509 202 24555
89 30681 150 21534 170 36153 183 12092 207 19125 244 16829
99 21640 118 15789 154 17912 194 20531 211 25142 247 20607
13 16479 144 10629 149 14241 194 15558 220 14545 229 25177
105 21750 110 31817 112 25151 165 7081 219 4907 229 7193
99 4647 109 3171 137 3168 163 2062 177 2452 178 1923
5 25962 39 21121 40 37399 77 17640 88 26605 181 28756
72 5050 86 3793 168 5059 184 17324 185 21236 202 15885
17 14764 72 21722 124 16158 142 13292 153 16936 193 13654
14 28775 22 25355 25 27506 30 24133 99 28350 140 24895
83 33982 102 21414 115 34979 133 23034 224 42444 230 27108
15 27143 22 27653 63 31276 123 5897 198 5522 225 6550
97 11403 147 13830 161 18425 193 20604 218 18292 234 26340
58 11594 135 13051 188 16735 190 9036 207 8387 244 7381
6 24084 12 21302 49 19250 131 26905 133 28069 171 32898
29 27895 64 21261 102 17762 178 23560 189 30733 191 24104
28 3629 81 2979 110 3620 139 6229 175 5738 194 4184
8 8052 22 4907 93 8043 162 22786 164 16604 172 16581
35 4438 64 3786 67 5641 180 23096 202 17432 225 30425
50 20565 106 21284 151 16778 166 23431 205 22596 235 21617
19 4535 34 5327 43 5762 54 1263 87 1480 198 1358
43 8422 60 9207 92 7919 102 7302 119 12227 196 8599
58 6172 121 8909 187 7598 219 26763 227 23850 240 29358
6 25586 96 22235 115 27387 130 25334 164 26117 201 26874
93 9941 96 7937 104 9435 112 20068 121 24701 235 16382
10 15372 43 18924 103 23099 108 2233 161 2694 192 1736
33 25439 34 19062 135 19217 170 1783 177 1447 212 1202
23 17612 28 24615 136 22966 187 2913 214 3944 233 4046
31 25576 40 25659 46 17512 62 28301 183 28466 184 26863
43 27986 59 30402 97 24677 143 15022 223 15612 244 18303
2 18057 62 15601 135 16438 176 26919 187 24439 209 19768
44 8466 77 7494 81 8130 83 7806 100 6143 221 5102
39 17336 48 29046 75 18597 166 5016 207 8217 236 8775
66 29483 86 24496 93 37279 104 42289 133 26214 182 25659
47 8119 56 5248 67 8699 101 33025 199 27833 203 23733
5 12747 86 11190 88 17554 93 10165 96 8116 169 7314
27 6852 65 5495 91 7631 93 3039 125 3072 196 2154
133 13210 143 16732 161 23457 185 19734 186 15584 247 16138
67 29463 109 15380 123 24344 191 27955 205 25591 206 29698
76 30911 149 28177 155 28486 176 32141 211 29399 242 28035
16 4821 20 7279 120 4937 197 16602 224 26227 228 16324
25 20148 46 22403 88 31378 113 24080 121 31653 200 25881
33 25422 45 28045 73 25653 83 35028 153 29650 196 25993
48 4614 85 4416 90 3347 163 11607 192 11234 229 16601
4 21564 28 27100 114 17531 199 15487 201 14064 231 12422
29 30690 32 19636 44 25061 72 5820 174 4961 215 4925
0 25932 22 14798 41 18251 130 18945 136 23816 223 21891
14 7062 25 6751 50 7216 83 5329 185 4210 234 4649
41 9689 65 7310 206 9078 216 2014 239 2470 242 2116
56 11047 71 12587 77 11655 133 432 198 610 234 612
55 10405 113 6654 114 5831 181 7984 196 5081 199 5611
39 24851 77 27890 120 29096 158 20791 190 37676 227 20503
21 17885 82 33916 154 21220 179 18937 188 16858 217 17642
18 8315 55 9228 91 6979 106 26778 111 33694 127 23692
10 10845 45 18172 49 13370 69 3977 133 2388 225 4000
9 30761 86 23146 89 30470 123 30902 211 26229 244 31627
19 9210 120 11377 141 17187 169 3063 199 3332 217 3904
27 22496 37 22624 76 27206 87 2667 121 2581 191 1954
39 4862 96 6375 117 8885 213 33067 216 25721 222 21911
34 23927 49 25918 80 20232 87 12586 179 13682 231 8728
86 17679 113 17936 127 17428 136 3092 211 2763 217 3365
30 14892 66 16848 89 18427 94 21125 162 29110 180 22963
39 9183 95 10306 138 10086 180 6559 182 5050 183 5721
30 5218 37 5314 69 7312 143 3993 225 5280 243 3649
51 22469 129 14749 154 15258 165 15050 184 9459 234 12805
47 16002 48 16294 88 16461 198 20888 221 15701 241 17902
61 10740 80 7392 164 8910 193 7541 205 7027 236 12745
56 10730 109 9283 185 12501 186 4319 225 7142 243 4937
75 16999 89 22510 179 25615 212 26425 219 26104 228 25946
52 20707 85 35323 98 20291 120 3592 130 3376 195 3354
93 35427 97 22904 112 25222 125 22989 189 19238 225 22403
6 14218 34 10491 112 11018 141 12886 167 12434 204 7357
37 3768 48 5400 100 3979 161 11083 194 6523 230 7345
72 7254 82 9008 112 5903 203 25999 232 27361 235 22635
7 5795 25 5177 87 7083 125 2643 161 2731 217 2397
22 4833 46 5831 181 8827 184 9018 200 10496 247 9041
61 5813 135 4770 204 4292 210 10161 216 11666 220 9812
41 24151 97 20752 163 22331 183 6964 214 10803 226 10325
4 27624 32 23255 57 30284 77 8132 81 8821 176 9795
49 21036 152 17498 181 31915 204 22444 240 27178 246 34220
7 7035 83 9072 117 10568 144 12358 213 18640 221 13248
19 3170 82 5967 142 3486 159 15847 187 20592 215 20395
12 10618 15 7824 25 8648 115 2699 126 2883 202 1549
3 3710 57 5140 61 5433 64 4651 187 4824 216 4411
124 14708 140 16300 145 18839 159 22280 209 23418 226 37469
32 5502 34 6166 71 6713 85 7520 156 4381 210 4583
16 12142 27 12347 31 18745 42 7349 70 8026 200 6145
42 23250 114 15851 182 15624 190 14412 213 11391 219 8801
70 24712 90 19548 92 18208 161 18762 224 19470 245 17424
52 9584 115 16461 158 10268 165 5291 241 3846 245 5240
7 13276 37 12759 101 16647 182 26491 202 25970 212 31612
7 31683 56 27705 137 23943 153 11291 168 12235 210 8311
22 24460 41 30169 77 27402 164 18244 171 18206 244 23974
88 10746 147 8175 159 5997 198 1482 226 1726 231 1120
25 6463 44 7539 73 8914 91 21948 113 18559 135 19026
9 27648 67 33993 151 18274 179 40803 182 23869 227 25075
57 2979 66 2990 73 3452 101 34912 118 22519 184 23139
0 13891 42 11134 155 10252 181 4938 196 3142 225 4367
4 6596 38 9670 58 5573 82 4512 201 2953 246 3894
99 12478 105 9355 107 8710 109 16637 140 21407 203 19816
8 31529 107 18055 141 33926 165 40273 218 23798 247 25375
36 24913 94 17415 173 19845 183 27032 204 25479 229 41231
7 19758 51 26698 90 19743 165 32832 178 21740 220 19268
61 20250 66 19231 76 20819 91 29035 131 20767 206 25962
45 24221 54 18752 139 22215 150 21794 163 24975 172 24769
7 6558 10 5273 36 8715 52 3238 85 5523 190 6286
67 17505 70 15258 95 11143 134 19618 148 24121 244 27887
35 14461 62 11105 81 12692 83 1708 99 1468 128 1084
13 19897 83 21050 87 19951 94 26322 143 28505 223 29625
44 9056 84 8357 97 7584 117 4418 145 3309 237 2598
0 22159 24 13602 82 22518 100 23037 115 30131 210 18239
42 25095 113 19524 128 17769 198 19989 230 16660 242 17278
134 20343 155 25129 161 33271 164 30766 206 31391 247 27482
19 21163 40 39536 68 22329 178 28092 221 27045 228 29222
36 30043 46 22461 99 25064 166 25627 214 41173 247 25108
57 10766 58 8297 138 9141 142 5133 157 6960 208 6268
43 5786 71 5824 95 5393 139 1666 191 1208 195 1212
61 12885 91 12199 97 10003 173 6311 204 4949 224 8726
26 21981 106 21837 148 23423 156 9196 191 10725 236 17808
49 15314 79 12999 130 13977 159 732 171 878 240 948
35 8652 46 7538 90 7583 156 18091 171 21922 239 26654
26 26824 60 29175 111 33530 147 35005 222 25990 237 29220
4 6936 97 6241 148 7580 180 8627 185 8705 235 6703
20 5653 25 3559 63 3710 198 29173 210 20904 246 32925
5 25953 23 22403 48 35377 51 4648 142 2947 192 3127
37 8759 56 7970 106 9008 126 919 193 571 204 538
25 24763 65 21241 85 36543 162 18815 238 22010 244 18017
67 19938 95 12691 101 17250 144 23459 152 24599 231 25290
25 18740 82 30761 131 15966 142 26457 145 34743 158 25570
30 19246 120 19627 141 29652 148 25098 176 26310 182 18403
12 8438 57 8180 127 6726 175 21064 196 17709 220 14359
62 4144 75 4174 78 5760 113 1368 142 1302 170 2092
21 18462 99 26465 139 29499 221 24969 228 26978 235 23238
17 10007 21 9642 23 10874 57 5230 79 4138 246 6224
20 31158 27 20984 47 29700 121 31558 230 24934 234 30016
12 33046 186 24236 204 25007 212 21977 214 32369 218 18512
39 22467 108 31941 110 33228 118 27532 149 35863 222 26751
2 25303 4 24219 140 24306 158 27174 227 26798 235 25745
111 18538 157 17317 180 15051 229 13730 239 11568 243 9398
45 6408 52 3676 108 5559 184 11947 192 13066 247 11976
12 8863 26 8038 79 6798 98 5926 139 9668 213 9279
94 5943 105 5317 122 7549 185 5781 219 5200 242 5500
87 9450 106 7641 145 8699 169 26291 206 25756 218 21147
47 14573 93 14544 120 10369 157 22565 205 15929 235 15239
36 8732 52 5079 99 7285 135 26694 146 31062 183 25482
59 13110 98 9234 124 10710 170 30573 209 18134 243 20430
14 21631 65 17737 89 27026 103 13699 160 15185 239 12831
75 20486 101 29131 177 25944 195 28123 235 24549 240 31454
32 5873 62 6297 83 9275 102 20102 204 20532 247 20608
22 15932 33 23626 102 15722 112 23497 177 27303 185 24907
28 27559 44 23561 57 24041 162 26717 221 17596 225 27764
23 16482 43 18705 84 18175 116 10751 168 12025 190 15254
28 15138 67 17998 136 14124 144 16496 173 22205 204 17413
34 11175 87 14928 112 11737 117 12734 126 12016 215 8470
11 6010 38 9415 139 8182 185 20250 191 17805 210 15972
29 23206 58 14901 67 26351 79 21591 127 22439 189 29308
103 28452 144 18518 166 20025 221 2896 229 4615 232 3258
9 17842 38 21523 99 16779 128 27695 203 30470 212 31365
44 13796 114 10439 139 16357 164 11352 197 11275 214 16629
17 7042 54 9152 140 8542 179 1117 210 675 247 700
8 15828 32 9565 52 9053 69 8305 80 4859 218 4907
28 8049 31 9579 105 5487 219 16710 221 15372 227 14891
12 28962 24 23389 53 31535 61 32620 142 24861 189 33142
36 29872 43 22252 126 31868 131 22041 145 32578 233 40580
10 20738 74 24459 109 19513 120 2058 153 2334 212 1983
13 24439 26 19945 34 18346 43 24119 78 29652 241 23419
12 17808 44 16920 139 20061 203 27156 205 24712 206 28678
7 16552 82 24275 85 21824 122 26669 229 30362 235 17733
0 34381 54 24848 111 29627 134 24743 190 43061 196 27463
22 19251 123 27993 165 30910 175 19587 233 24114 238 25763
10 10374 23 11253 55 18157 100 651 223 670 230 599
42 4221 71 3636 100 3704 122 28740 220 18903 247 20294
75 5472 84 5968 114 4893 134 3173 236 5474 240 3699
0 19038 11 11975 106 13038 180 2570 182 1978 224 3725
124 8389 127 8351 192 8681 203 17070 222 14887 223 19804
104 22585 116 18645 196 16871 207 11261 244 9909 246 10232
51 8033 65 4556 112 5714 121 3748 219 2903 230 2961
64 3743 68 3163 80 2977 133 25917 186 26255 204 27090
90 4159 107 3220 131 3168 151 18746 192 21871 210 19334
10 4102 65 3909 74 4838 113 4037 131 3414 200 4339
6 24483 36 26232 71 19669 115 10449 163 7392 213 9336
71 17389 102 14184 110 21219 191 15632 230 16310 234 19634
74 4063 85 5649 107 3315 146 1866 181 2614 184 1444
10 10174 53 15114 119 17219 131 15209 134 17227 159 15513
6 22748 19 14291 28 22360 59 24778 124 20242 147 24392
45 32387 76 27783 106 23759 125 38884 146 30584 202 21711
24 3454 110 4741 159 3028 175 36808 182 25135 231 27410
69 18095 105 11373 108 15992 128 19716 213 28550 229 32334
2 15174 58 12271 84 14401 94 4450 116 5067 215 4787
163 30660 182 25377 212 30283 215 21527 216 19874 243 19807
88 29275 104 26955 128 17233 176 5224 190 7054 246 5949
5 8630 92 7949 100 8668 124 2722 165 4097 242 3003
7 27205 36 36149 39 22363 134 26722 215 30970 232 29391
62 9936 174 11424 198 12726 218 3388 232 4112 245 5679
45 19184 52 11006 89 16627 112 1947 151 1579 165 2680
3 8647 73 13882 107 8716 183 20184 188 27111 220 17785
21 9501 51 16601 52 9496 90 8795 138 7947 174 8861
152 15961 182 15048 210 15555 229 10265 234 8598 237 6752
48 34772 49 25026 81 25265 103 30516 108 29518 187 25483
23 8840 24 8978 65 7767 110 7599 176 6946 210 5023
25 16955 62 16616 110 23073 154 11849 168 15276 190 19378
94 15481 132 17477 143 16765 149 28092 173 28223 212 24734
35 19751 52 13388 68 14239 112 11206 190 17497 223 12190
4 21870 19 17566 62 19741 66 9093 103 10290 140 8291
6 16325 75 11607 150 10788 152 23874 159 22482 174 29148
26 28676 58 23623 115 38263 117 29103 172 18045 218 15137
46 22734 67 33167 76 26449 198 29338 219 23973 234 29435
2 9744 117 14443 159 7465 169 25757 178 23216 216 24462
16 11562 30 11611 59 13229 61 21085 77 17303 97 16369
54 5775 105 4601 145 6229 159 24749 184 26491 247 26556
14 8751 143 9419 145 10534 160 8676 217 8019 224 9480
8 4103 19 2366 104 3890 130 14771 134 14077 187 16472
21 9727 30 11869 62 11012 165 8002 181 9101 217 7491
70 12212 76 11173 158 8005 159 15582 169 19494 197 18590
9 11956 10 8155 112 9748 146 705 166 559 174 661
77 23654 106 25341 129 22742 162 5895 211 4682 240 4630
13 33423 74 26001 90 27398 154 29749 178 28387 183 28553
35 3642 57 3397 63 2975 88 3845 113 2487 170 3802
4 8843 43 9023 134 7860 138 733 165 1073 217 1005
20 26526 35 21314 57 19879 68 22656 93 37205 209 22493
56 3508 100 4072 127 3508 198 3172 203 2549 220 2195
35 11743 51 13916 93 13902 121 26014 173 23277 195 19764
36 16628 89 14612 125 17079 140 22386 161 32428 204 19088
24 16258 74 17405 125 25049 134 26880 135 28761 142 26710
9 26334 83 28809 98 16919 149 27798 204 21902 227 21546
3 19187 48 34423 183 22011 186 26133 230 30359 247 27062
118 12587 124 13670 150 12754 204 4897 229 7925 245 7726
31 12184 78 10219 129 7449 143 23626 160 31454 195 21108
49 8663 60 9457 67 12666 101 2841 125 3092 225 3014
35 13058 57 12179 74 10861 94 5530 116 6297 155 6342
32 23277 34 26084 91 30337 164 945 198 1137 211 1030
16 22520 20 34003 78 29159 155 32907 193 27191 205 25336
42 28479 78 29959 131 18741 167 9060 198 7242 215 6453
37 13576 163 13266 200 13663 212 2535 219 2505 240 2748
33 19613 68 13202 109 12150 164 11330 187 12256 214 16596
42 28583 145 27802 188 29231 189 31548 194 22928 245 36173
6 17722 26 14216 167 20047 183 27724 203 28368 242 30514
4 29402 15 24502 39 24917 58 11938 181 21906 235 11427
11 16806 65 14188 78 22528 80 26993 114 27510 219 31965
135 22781 156 18967 164 23031 197 19561 199 22317 241 20295
2 12071 6 14772 15 9628 115 9951 144 5895 175 8533
72 11164 93 12762 133 7508 221 23335 239 31327 247 23063
39 4262 60 5610 143 5215 173 2419 176 2540 207 3183
9 17334 32 12007 37 14132 113 16077 142 15306 203 16098
51 24811 86 16286 88 25548 95 26227 206 27055 209 23201
64 20512 159 16372 184 17524 185 1506 188 1748 211 1502
47 34709 76 29657 94 23835 108 16859 114 11377 167 20238
68 22852 73 34257 109 21031 179 20536 233 21659 243 14210
48 12662 56 8039 115 12204 120 28568 200 28710 231 25162
63 25458 110 33230 129 24244 166 11291 192 12069 229 17836
46 23249 89 27327 117 35156 127 28677 222 25773 240 32965
12 28386 18 32812 100 26264 103 35291 129 25909 242 28313
41 22213 46 21726 77 20176 165 7225 186 4396 246 6915
75 16418 171 17329 179 24739 206 23582 214 33855 227 20235
10 5205 39 5322 87 7914 152 1208 208 1533 242 1420
17 9304 36 15403 193 10202 203 22100 220 19031 242 23772
17 23242 23 25257 59 31137 79 23062 98 20760 143 27572
45 19963 97 12932 121 17528 178 16958 207 26977 247 16137
55 5187 92 3430 98 2791 120 26847 216 25734 217 34532
59 32116 81 29891 133 23721 174 32616 222 25462 237 28626
32 4061 150 4076 182 3866 187 1496 199 1567 245 1941
0 6623 23 4003 32 3748 61 2770 69 3258 126 3492
32 11570 107 10964 148 15021 156 7591 170 13599 172 9206
3 21000 31 39690 32 22339 79 507 211 613 213 715
46 24379 84 23602 110 29835 114 22259 199 29829 216 26040
38 7222 48 6995 56 4441 66 18533 134 14967 173 18374
7 13843 47 18724 112 13304 138 4185 161 6537 229 6226
13 9466 52 6002 78 9449 100 13656 118 10882 200 13014
17 24076 44 31264 53 35828 55 15527 120 10619 232 10464
19 16384 49 20845 85 27725 162 23721 176 20596 206 17637
4 18687 7 19265 122 22730 152 23466 154 26114 211 28929
16 11235 23 10427 125 16317 152 18940 195 20645 228 20922
137 6377 149 8891 158 6988 183 5275 211 6088 221 5049
18 5729 55 6358 72 5335 163 22897 173 25806 209 19897
7 8089 21 6256 131 6158 146 1693 168 1866 247 1314
4 17571 48 24950 57 19264 74 21329 158 18624 230 21021
37 4345 87 5527 91 4812 96 4649 104 5526 210 3466
0 12492 20 12283 48 11922 112 24212 218 19684 223 26336
97 25282 104 37113 113 26070 118 22748 181 42297 199 29723
143 6485 146 6920 147 6823 165 7147 177 6036 239 6117
1 12746 19 10435 23 11682 40 3996 43 2717 185 2797
19 15185 132 20438 143 19606 170 38263 218 21729 222 21855
65 3123 68 3350 141 5925 157 3840 185 3368 202 2519
25 12420 70 17562 158 11511 234 4756 236 6288 241 4063
7 5768 102 4688 105 4794 153 4215 160 5171 173 4087
7 5910 35 6739 120 5688 121 6936 196 5611 243 5391
3 13372 41 17693 113 15676 154 2831 165 4080 167 4329
2 29865 10 23694 91 31363 108 2260 132 2028 166 1644
96 10217 127 8289 158 7849 163 8532 212 8427 242 8806
4 6955 88 9976 99 7948 125 1946 187 1438 225 1896
49 26373 105 22112 136 30261 137 25662 198 38080 247 28291
34 11463 48 17253 58 10266 117 9086 161 8529 202 4609
135 6585 170 9822 183 6286 189 1477 200 1250 219 1185
34 20793 58 18622 75 20037 77 12217 175 15074 199 13995
22 8112 38 14007 86 8737 89 30356 105 21606 213 30833
11 8856 22 8035 29 12452 160 5142 195 3450 222 3017
11 9453 100 10569 156 7998 173 5635 198 5970 224 7791
39 13218 44 16759 97 14034 98 20350 114 21189 147 28440
10 14910 46 18422 56 16216 80 897 122 1368 169 1126
10 10032 28 15211 51 16861 180 3341 187 3338 236 4922
46 7605 67 11096 81 7661 139 39401 209 26023 221 26879
2 7726 53 9106 169 7406 175 2222 233 2736 245 2557
19 6238 20 11362 55 11268 111 8824 217 8784 221 5981
65 10088 115 17475 157 15293 164 26458 166 24122 190 42567
4 19853 28 24951 80 15837 169 25938 194 22165 211 27142
51 11986 86 7868 156 6813 174 3086 176 3407 198 3438
59 16595 87 18865 103 18647 111 34950 148 29793 216 25927
50 7337 86 6815 119 10455 133 13656 182 13366 209 14033
59 30584 60 30779 131 21652 180 33540 193 29236 247 27676
41 6147 43 5990 128 4956 163 3993 215 4249 224 6223
84 21608 128 18402 137 16978 212 6682 228 6561 240 7241
8 9327 15 5579 61 7760 118 12867 134 13717 195 14298
3 6148 34 7329 160 10726 210 2541 217 3914 224 4627
99 12192 133 8734 168 13010 199 9658 219 8374 238 13683
26 19184 45 25978 72 22770 105 22607 129 24128 173 28792
46 15633 104 20161 149 16579 151 18295 155 25011 246 29719
56 13493 75 13607 82 22629 94 27846 171 27903 222 23559
64 10977 94 10481 107 8731 109 5806 153 8378 185 7819
29 7221 97 4937 128 4634 131 22023 153 31583 247 24104
106 17173 132 18220 192 15793 193 28799 210 26294 230 30583
31 10966 115 10034 161 10659 210 13635 223 17739 229 22793
26 11590 30 10994 95 10748 117 7824 177 5817 225 6928
5 9446 104 11977 133 7424 154 6592 162 9195 187 7248
95 21893 111 29512 122 27999 165 28659 197 20077 234 24385
21 11876 49 15222 53 18341 65 588 93 1036 231 650
5 6094 46 5992 56 5274 83 6165 201 4588 240 4805
0 38189 21 20464 26 26327 57 10907 217 12696 241 9857
4 26366 6 33710 17 21815 133 12849 138 14609 234 18204
8 26287 132 20400 155 20720 174 24796 178 21567 179 32730
20 21740 49 15186 55 21560 160 31212 220 18085 231 19756
5 23267 33 28122 87 28147 152 26333 187 32222 192 29030
28 8152 32 5461 115 8877 157 8969 205 6331 236 11484
24 17128 78 23528 99 21435 111 2687 141 3142 161 3047
44 12084 53 13848 82 17004 120 23204 131 18352 150 19759
33 6071 73 6126 92 4627 93 2940 181 3275 198 2442
19 24068 57 32850 60 33426 131 26874 163 33156 184 29341
47 11891 86 7798 150 7205 176 26914 191 21694 228 22058
10 20197 57 26713 65 19251 119 7071 209 4241 218 4060
73 17931 105 12093 111 18095 162 34698 195 24364 208 28363
36 23782 62 15671 80 13849 206 4184 207 6124 230 4109
38 18881 40 19326 67 19244 72 22946 163 18248 200 18794
6 5260 39 3486 53 5065 83 3102 184 1999 188 2846
3 19084 90 24842 124 21837 176 17066 233 21522 242 14885
40 27049 101 23303 117 27917 130 29560 143 32866 231 27696
34 19499 68 17516 73 26258 103 33337 133 21913 195 24798
3 19321 40 36634 57 26765 98 24063 140 30929 200 30731
15 17780 96 23706 129 19510 135 10465 202 8644 213 13454
90 23146 152 19099 195 20818 224 20911 241 13734 247 11905
47 37485 68 22781 135 25567 155 23806 178 19570 211 22719
124 16784 136 21732 163 17945 186 16810 216 19277 225 27792
70 15990 131 9635 138 11429 144 20803 172 24641 220 20529
31 19740 95 12552 104 17431 110 16804 129 12260 207 19252
41 8288 66 8711 79 6865 95 6191 121 7939 146 7204
3 21467 137 21132 195 25132 227 11473 232 13324 233 19690
65 20759 70 34219 99 30029 138 18437 175 23244 189 23322
55 16093 68 9400 81 11444 182 17268 199 23477 228 20233
4 14129 8 19682 37 13999 141 10415 209 5846 225 9527
1 21685 23 19874 39 18732 94 26153 105 23400 174 28343
1 25924 27 26033 112 26181 124 27365 131 23714 174 31362
78 26061 85 28237 148 22704 186 25206 216 28905 227 25585
66 12839 96 12961 97 10495 123 1882 141 2285 173 1663
14 14397 25 13762 127 13470 133 22904 191 25835 192 26215
10 11461 37 13700 67 20660 80 14335 193 16304 244 22706
32 12833 47 21256 51 21235 84 27228 109 21418 164 26405
7 11693 22 9630 48 16105 50 8704 74 8643 140 8872
30 7147 113 6815 143 7618 162 808 210 507 243 581
12 21940 18 25362 45 26947 83 18075 120 13489 181 21078
17 7721 52 7436 55 13539 106 18518 183 16500 232 17768
19 2360 26 3013 40 4409 148 17387 151 12778 199 17333
49 19978 90 20140 107 15595 144 15122 209 15695 244 23571
2 11900 54 12247 64 11422 74 27885 80 22753 163 27615
37 17841 117 27887 165 24547 177 25850 181 34811 186 18622
36 15424 42 13427 50 11085 72 4744 135 3706 190 6029
20 34408 137 18324 185 24702 210 22441 211 28387 219 25590
31 15939 38 15622 41 11159 125 35529 225 34624 227 21257
43 9422 73 11731 171 8860 173 7863 188 8788 236 11050
59 29347 74 25883 84 26250 85 33916 124 22596 172 23960
69 20165 83 19667 93 20586 128 20027 177 27307 244 29969
3 12287 7 16006 40 23298 59 29029 100 27402 203 24329
30 12707 43 13328 48 18545 114 27257 131 26310 159 26836
12 21341 62 17034 115 25826 118 1147 141 2062 170 1951
90 11877 134 10248 138 10732 152 2010 199 2577 211 2479
5 17065 51 22821 74 16016 78 6788 139 6893 234 6276
9 28385 21 18621 98 18237 128 808 197 914 239 1117
21 18743 22 19959 44 25259 80 7390 189 10909 236 14207
56 3825 115 5806 117 6571 188 8131 219 6299 234 7734
9 29329 43 24626 89 29052 110 34059 223 29287 247 23340
44 33344 107 24756 134 27586 184 11080 190 20006 237 11779
16 10596 51 15235 83 14540 144 15739 194 16615 221 16873
71 15594 124 13748 153 17086 169 9732 180 10116 206 9535
6 10260 8 11179 41 8403 66 15399 67 20904 237 12744
38 23189 127 14260 129 14464 131 27372 184 29885 210 28894
7 23722 119 32280 197 21975 209 28341 235 27244 237 30683
20 36434 43 25413 61 28864 64 27569 140 27589 244 34735
20 19410 40 19910 67 19825 96 28086 148 27625 198 29222
28 16543 87 16588 93 18319 148 28278 192 24247 237 23568
58 5286 68 5302 120 6208 156 4033 221 4427 246 6646
50 73
246
0
1
2
3
4
5
6
7
8
9
10
11
12
13
14
15
16
17
18
19
20
21
22
23
24
25
26
27
28
29
30
31
32
33
34
35
36
37
38
39
40
41
42
43
44
45
46
47
48
49
50
51
52
53
54
55
56
57
58
59
60
61
62
63
64
65
66
67
68
69
70
71
72
73
74
75
76
77
78
79
80
81
82
83
84
85
86
87
88
89
90
91
92
94
95
96
97
98
99
100
101
102
103
104
105
106
107
108
109
110
111
112
113
114
115
116
117
118
119
120
121
122
123
124
125
126
127
128
129
130
131
132
133
134
135
136
137
138
139
140
141
142
143
144
145
146
147
148
149
150
151
152
153
154
155
156
157
158
159
160
161
162
163
164
165
166
167
168
169
170
171
172
173
174
175
176
177
178
179
180
181
182
183
184
185
186
187
188
189
190
191
192
193
194
195
196
197
198
199
200
201
202
203
204
205
206
207
208
209
210
211
212
213
214
215
216
217
218
219
220
221
222
223
224
225
226
227
228
229
230
231
232
233
234
235
236
237
238
239
240
241
242
243
244
246
247
