464 23 5
0 25321 5 25697 6 37717 10 49284 13 26039 14 25745 17 39088 18 38273 19 21750 22 36811
1 13609 2 16446 6 12434 7 12239 9 14360 11 45427 15 49581 16 39869 17 68739 19 38249
1 44850 2 54198 3 39745 4 51298 7 40335 8 46434 10 67185 14 40975 17 62210 21 35091
0 33294 5 33788 7 48815 8 44787 9 57273 11 19082 15 20827 17 28875 20 24608 21 16288
2 56150 4 53145 6 42453 7 41788 8 38340 9 68804 13 41131 16 41808 20 61430 21 40660
1 24094 6 22014 8 19880 9 25423 11 17602 12 30389 13 29809 15 37681 20 44520 21 29468
1 21364 2 25817 5 13299 7 19213 9 22543 10 63407 12 34153 13 33501 18 57488 21 33118
0 4561 2 8985 5 4628 7 6687 8 6135 9 28859 12 17587 14 19914 15 21807 17 30234
2 61154 5 31502 6 46237 8 41757 9 53399 11 40928 14 40791 17 61932 21 34934 22 58324
1 35823 3 31745 6 32730 7 32217 13 22596 14 42143 15 46151 19 35603 21 36092 22 60257
0 8477 4 15807 6 12627 8 11404 9 14583 11 44657 14 44508 16 39193 17 67574 21 38117
5 22314 6 32751 7 32237 11 26187 12 23051 13 789 14 911 15 998 18 1355 20 1179
0 20297 1 33090 2 39987 3 29324 4 37847 6 48276 8 43598 12 33978 15 42131 22 55008
3 30062 4 38799 7 30508 9 35795 11 24783 12 39161 13 38413 16 39046 19 37459 21 37973
4 43829 6 35011 10 45749 11 27995 15 30555 17 5157 18 5050 19 2869 20 4395 22 4857
0 6181 1 10077 2 12178 4 11526 5 6273 8 3875 12 3020 13 2963 17 5192 18 5084
1 32500 6 29694 9 34293 11 23743 13 20500 14 28303 16 24923 18 42075 19 23910 22 40467
4 31803 5 17309 7 25007 8 22944 9 29340 12 21762 15 26984 16 21698 17 37411 21 21102
0 10360 3 14967 4 19317 5 10513 8 13936 9 54366 10 61511 13 32500 16 33035 19 31693
1 14069 2 17002 5 8758 6 12854 8 11609 10 32362 15 21614 17 29966 20 25537 21 16903
0 27866 1 45430 3 40259 5 28280 7 40857 9 31738 12 19342 17 33251 21 18756 22 31314
0 10766 6 16036 7 15785 9 18520 10 20954 12 38054 13 37327 14 43087 18 64053 19 36400
0 21854 2 43055 7 32042 12 22912 14 25942 15 4333 17 6007 18 5882 19 3342 21 3388
1 47376 4 54187 5 29491 8 39091 12 30466 16 22276 17 38408 18 37607 20 32731 22 36170
1 26421 6 24140 7 23762 8 21801 10 31544 14 1301 15 1425 17 1975 18 1934 22 1860
2 13981 4 13233 6 10571 9 12208 11 8452 12 14249 16 14207 17 24496 20 20875 21 13817
4 28489 5 15505 8 20552 9 26282 10 29737 12 31457 14 35618 16 31365 18 52950 19 30090
2 26811 8 18307 9 23411 10 26488 11 16208 12 23031 14 26077 17 39592 20 33741 22 37286
0 28979 1 47243 2 57090 3 41866 5 29409 6 34283 7 33746 12 24130 14 27321 22 39064
2 24961 5 12858 8 17043 9 21795 13 13029 15 45796 16 36826 18 62169 20 54109 22 59793
0 28426 2 56002 3 41068 4 53005 10 55327 13 38106 16 38733 17 66782 18 65389 21 37670
2 54609 6 41289 7 40641 12 29060 15 36033 17 65739 18 64368 19 36579 20 56023 21 37081
3 42459 5 29825 6 43775 7 43089 11 35003 12 43062 17 74027 19 41191 20 63086 21 41757
0 21487 3 31043 4 40066 6 32006 7 31504 8 47971 14 42331 15 46357 16 37277 20 54771
1 59113 3 52385 5 36798 8 48776 11 43186 13 23793 16 24185 18 40829 20 35536 22 39269
4 40424 6 32291 8 29162 9 37293 10 42195 11 47084 12 41445 15 51390 16 41323 18 69761
0 15174 2 29894 3 21922 6 22602 10 29534 11 9970 12 8776 17 15087 18 14772 22 14208
0 26336 1 42936 2 51885 3 38049 4 49108 7 46008 10 61076 13 32270 14 37249 22 53259
0 36161 4 67428 8 48644 10 70382 12 37911 17 35782 19 19910 20 30493 21 20183 22 33697
0 14274 4 26617 7 20929 8 19202 9 24556 10 59898 14 36531 15 40005 19 30861 22 52232
0 11447 1 18661 3 16537 8 15398 10 22279 11 17858 13 15419 14 17798 17 27023 21 15243
1 48391 2 58477 4 55347 5 30123 7 43520 8 47214 9 60378 14 41663 16 36688 22 59571
2 44024 5 22678 6 33285 9 38441 10 43493 11 36423 12 32061 17 55115 21 31088 22 51903
0 13355 1 21772 3 19294 4 24902 8 17965 11 18756 15 20471 18 27790 20 24187 21 16009
0 3902 4 7276 5 3960 7 5721 9 6712 11 40161 15 43833 16 35247 18 59503 22 57230
1 38839 3 34418 5 24177 6 35486 8 32047 9 13166 10 14896 11 9115 17 13794 20 11755
1 17270 2 20870 4 19753 6 15779 10 20618 13 22903 14 26437 18 39302 19 22334 22 37800
1 6189 2 7479 4 7079 6 5654 7 5566 10 11774 11 7204 13 6220 14 7180 21 6149
0 26612 1 43385 2 52428 7 39018 8 35798 12 35289 15 43756 16 35185 18 59399 19 33755
0 16529 1 26947 3 23880 6 24620 8 22235 12 10708 17 18408 18 18024 19 10242 20 15687
1 18667 3 16543 4 21351 5 11620 7 16788 9 60084 15 45404 18 61636 19 35026 20 53645
2 17023 5 8769 9 14864 10 16818 11 10291 13 11157 15 14104 17 19554 21 11029 22 18414
0 16089 1 26229 5 16328 6 23965 7 23589 14 14719 15 16119 18 21882 20 19045 21 12606
3 17818 4 22997 5 12516 7 18083 9 21216 12 32160 15 39877 18 54133 20 47115 22 52065
2 46480 4 43993 5 23943 10 45920 12 24735 14 25420 16 22384 17 38594 18 37789 19 21475
1 43195 3 38278 6 39466 7 38847 9 45579 13 34739 14 40100 17 60882 18 59612 19 33877
0 13139 6 19571 8 17675 10 25573 11 15649 14 5021 16 4421 18 7464 20 6496 22 7179
1 15038 5 9361 6 13739 8 12408 9 15867 12 33656 13 33013 14 38107 18 56650 22 54486
0 27173 3 39258 7 39841 8 36553 10 52889 13 34939 14 40331 18 59956 20 52183 22 57665
0 6125 2 12067 3 8849 8 8240 9 10537 12 42113 13 41309 16 41989 18 70886 22 68178
1 35601 3 31549 5 22161 6 32527 13 22456 14 39139 15 42861 17 59423 19 33065 21 33519
4 67295 5 36626 6 53757 7 52914 8 48548 13 39978 14 46147 16 40637 17 70064 18 68602
0 37830 1 61674 12 39660 13 38903 14 44906 15 9082 16 7303 17 12591 18 12329 22 11858
2 15137 3 11100 5 7797 6 11444 9 13217 11 33698 16 29575 19 28373 21 28763 22 48021
0 30198 1 49231 2 59492 3 43628 5 30646 8 13658 11 12092 15 13198 18 17916 20 15594
0 11908 1 19413 4 22204 6 17737 11 14182 12 17293 14 19580 17 29728 18 29108 21 16769
0 25164 1 41024 3 36354 4 46921 5 25537 6 16300 8 14720 17 19722 18 19310 19 10974
0 17839 1 29084 3 25773 9 30688 10 34722 11 28462 12 25053 18 42171 20 36703 21 24294
3 35022 4 45202 11 28872 12 25414 13 24929 15 42235 16 33962 17 58556 19 32582 21 33030
2 21899 6 16557 8 14953 9 19121 12 11653 13 33762 17 59170 18 57936 20 50425 21 33376
0 4686 2 9233 3 6771 4 8739 8 6304 15 43200 18 58644 19 33326 20 51041 22 56404
3 42526 4 54886 7 43157 11 35058 12 30859 13 41573 14 47988 15 52551 16 42257 20 62090
0 21391 6 31863 8 28775 9 36798 11 25477 14 12356 15 13531 18 18369 19 10438 22 17667
0 40376 5 40976 8 54314 9 69456 11 48089 12 15838 16 15791 20 23203 21 15358 22 25640
5 33682 9 57093 10 64597 11 39528 14 39396 15 50237 17 69649 19 38755 21 39287 22 65591
0 29824 1 48621 3 43087 10 58047 11 35521 12 40598 15 50339 17 69791 19 38834 20 59476
1 36405 2 43993 4 41639 5 22662 8 30039 10 64733 13 34202 15 43234 19 33352 22 56448
0 24105 1 39298 2 47489 5 24463 6 35905 7 23931 8 21957 14 19375 19 16368 22 27703
0 29533 9 50803 10 57481 12 30961 13 30370 14 29947 17 45467 18 44519 21 25646 22 42818
2 47909 5 24679 6 36222 8 32713 9 41833 11 37485 13 32365 14 37359 17 56721 18 55539
0 24265 3 35056 8 32641 11 28900 14 28803 15 3493 16 2809 17 4843 18 4742 19 2695
0 4708 2 9276 3 6803 10 9165 12 4936 13 32782 16 33322 19 31968 20 48961 22 54105
4 54114 7 42550 9 49923 10 56485 14 34449 17 61654 18 60368 19 34306 21 34777 22 58062
5 5046 7 7290 9 8553 12 5212 13 5113 14 3233 16 2847 18 4807 20 4184 21 2769
4 28233 5 15366 6 22553 7 22199 10 29470 12 29761 13 29192 18 50094 20 43599 22 48180
0 14046 4 26191 5 14254 7 20594 9 24162 10 43745 11 26769 12 23563 14 26680 19 22539
5 38897 6 57091 7 56196 9 65934 12 40183 16 6403 17 11041 18 10810 19 6143 20 9409
4 9927 5 5402 6 7930 7 7805 10 10362 11 19693 12 17335 13 17004 17 29800 22 28064
2 24980 5 12868 6 18887 8 17057 13 13039 14 8092 15 8862 16 7126 20 10470 22 11570
1 40223 3 35645 5 25039 9 42442 11 29385 12 42227 14 47812 16 42103 18 71078 21 40947
3 53384 5 37500 7 54177 10 71920 11 44010 12 45739 14 51788 19 43751 21 44352 22 74047
0 28001 1 45650 2 55164 3 40454 4 52212 9 56316 13 33666 15 42556 18 57770 21 33280
0 26318 1 42906 2 51849 3 38022 8 35403 9 55965 10 63321 13 33456 16 34007 20 49967
0 18129 1 29555 4 33804 8 24387 9 31186 10 51296 12 27630 15 34260 16 27549 17 47498
0 15210 3 21974 4 28361 6 22656 8 20460 9 52084 10 58930 17 54567 19 30362 21 30779
1 26521 5 16509 6 24231 7 23851 9 27985 13 22318 17 39113 18 38297 20 33332 22 36834
0 32260 5 32739 8 43396 9 55494 13 33174 14 23590 15 25834 17 35816 20 30523 21 20203
3 33212 5 23329 9 39545 12 24100 14 27288 15 10779 17 14944 18 14632 19 8315 20 12735
3 38807 5 27260 6 40011 7 39384 10 52282 14 7770 17 11798 18 11551 20 10054 22 11110
0 27882 1 45456 3 40282 5 28296 7 40880 9 20882 11 14458 15 15780 18 21422 22 20603
3 34249 4 44204 6 35311 7 34757 10 46140 11 48057 13 41494 15 52452 17 72719 19 40463
0 26356 1 42969 2 51924 3 38078 6 39259 10 63356 13 33475 14 38640 15 42315 19 32643
5 19051 6 27962 8 25253 9 32293 10 36538 14 25142 17 38172 20 32530 21 21532 22 35948
3 44409 6 45787 8 41350 9 52878 10 59829 13 41118 16 41795 17 72061 20 61411 21 40648
2 40103 3 29409 4 37957 5 20658 7 29845 8 40375 10 58418 13 30865 14 35628 22 50941
0 32618 2 64260 3 47124 6 48585 7 47823 11 43729 13 37757 14 43583 20 56390 22 62315
1 25342 2 30624 4 28986 8 20911 9 26741 11 29079 13 25107 17 44002 19 24484 22 41438
0 12780 1 20835 2 25177 8 17191 9 21984 10 45589 13 24087 16 24484 18 41334 19 23489
0 22549 3 32578 6 33588 8 30333 9 38791 13 39260 15 49628 18 67370 19 38285 20 58636
0 15946 3 23038 4 29735 5 16183 10 31037 12 47208 16 47069 19 45156 20 69159 21 45776
0 22186 2 43709 3 32053 8 29845 9 38166 11 29855 14 29755 16 26202 18 44234 20 38500
4 40514 8 29227 9 37376 12 22778 13 22343 15 34650 19 26731 20 40940 21 27098 22 45241
0 25813 1 42083 3 37293 13 26545 15 33555 16 40880 19 39218 20 60065 21 39757 22 66376
0 15335 1 25000 5 15562 9 26380 11 18264 16 31567 17 54426 18 53291 19 30284 21 30700
0 4703 1 7668 3 6795 4 8770 8 6327 10 4541 12 2446 17 4205 20 3583 21 2372
1 49804 2 60185 7 44791 10 59460 14 36264 15 44174 17 61244 18 59966 21 34546 22 57675
4 32507 7 25560 9 29989 12 18277 13 17928 14 24471 17 37154 18 36379 19 20673 21 20957
2 8170 3 5991 5 4208 6 6177 7 6080 10 3343 15 2233 17 3095 18 3031 21 1746
0 18540 1 30226 3 26786 7 27183 12 19437 13 40474 14 46720 16 41141 19 39469 20 60449
0 10322 5 10476 8 13886 9 17757 12 10822 15 9412 16 7569 17 13050 18 12778 22 12289
2 61362 4 58079 5 31610 6 46395 7 45667 8 50989 13 38980 17 68313 21 38534 22 64333
2 38447 6 29068 7 28613 8 26252 9 33571 11 39140 14 39009 16 34351 21 33408 22 55776
1 17729 2 21424 5 11036 6 16198 10 21166 14 36030 16 31727 17 54703 18 53562 22 51516
2 18583 4 17589 6 14050 8 12689 11 11234 12 28829 13 28279 16 28744 20 42235 21 27955
0 20143 3 29102 9 34652 10 39206 11 23991 13 46257 14 53395 15 58473 16 47019 21 45728
1 24848 3 22020 6 22703 7 22347 10 29665 13 42745 14 49340 16 43449 17 74912 21 42255
0 22159 2 43656 6 33007 7 32490 8 29809 11 36614 15 39962 16 32134 18 54248 21 31251
2 43654 5 22487 6 33006 8 29807 9 38118 10 58243 12 31372 18 52806 19 30009 20 45960
0 36785 3 53144 5 37331 6 54792 8 49483 15 39358 18 53429 19 30363 20 46502 22 51388
2 12153 3 8912 4 11503 9 10612 10 12007 12 26906 13 26392 16 26826 18 45288 21 26090
1 47630 5 29650 6 43518 10 56864 11 34797 14 3495 16 3078 17 5307 18 5196 22 4997
2 54806 3 40191 5 28232 7 40788 8 37422 9 54960 11 38052 13 32855 19 32039 20 49069
0 31213 1 50887 3 45095 7 45764 9 53695 11 45713 12 40238 16 40120 18 67730 19 38490
2 25368 3 18603 4 24010 7 18879 8 17321 9 26514 15 20036 17 27778 18 27198 20 23672
0 10683 4 19921 8 14371 10 20794 13 10986 14 39163 16 34487 18 58220 20 50672 21 33540
0 15269 3 22060 6 22744 7 22387 8 20540 9 19710 10 22301 11 13646 15 14894 17 20650
0 28407 1 46312 3 41041 4 52970 6 42314 10 54648 11 33441 16 29349 18 49547 22 47654
1 44661 2 53970 3 39578 7 40166 8 36852 11 46065 12 40548 15 50277 16 40428 21 39318
2 55541 4 52569 5 28611 6 41993 8 37924 9 62956 12 38368 13 37635 20 56209 21 37205
3 6118 4 7897 5 4298 7 6209 9 7285 10 5289 11 3237 16 2840 17 4898 18 4796
4 38587 5 21001 7 30341 8 27837 11 24647 12 32402 13 31783 20 47468 21 31419 22 52456
5 18537 6 27207 8 24571 9 31421 10 35551 16 39612 17 68296 18 66872 19 38002 21 38524
0 30813 4 57455 5 31270 8 41449 9 53005 10 49268 11 30149 17 45621 18 44669 21 25733
0 32579 1 53113 7 47766 9 56044 12 34155 15 46418 16 37325 18 63013 19 35809 20 54843
0 23871 4 44510 6 35556 10 46460 12 25025 13 26882 14 31030 16 27324 18 46129 22 44366
2 47906 3 35131 5 24678 7 35653 8 32711 10 810 12 436 15 541 17 750 20 639
2 53483 4 50621 6 40437 7 39803 8 36519 9 64871 11 44914 12 39535 13 38780 15 49021
5 30038 8 39816 11 35253 14 35135 15 38476 16 22738 17 39204 19 21814 20 33410 21 22114
2 61950 4 58635 5 31912 10 61204 13 32337 16 37582 17 64797 20 55221 21 36550 22 61022
2 62213 3 45623 4 58884 5 32048 11 37611 12 44090 15 54669 16 43960 19 42174 20 64592
2 33310 4 31527 8 22744 11 20138 12 17726 13 40090 14 46276 18 68794 19 39094 22 66166
0 19561 1 31890 2 38536 4 36474 9 33649 12 38611 13 37874 14 43718 15 47876 19 36934
5 18111 6 26583 7 26166 8 24007 10 34735 15 17673 16 14211 17 24502 18 23991 20 20880
1 52805 2 63811 3 46795 5 32871 11 38577 13 41125 14 47471 17 72073 19 40104 20 61421
0 19785 6 29470 8 26614 9 34034 10 38508 11 29395 14 29297 19 24750 20 37907 22 41889
2 29695 4 28105 5 15296 6 22451 7 22099 12 36589 15 45369 17 62900 20 53604 22 59235
0 16656 2 32814 5 16904 7 24421 11 19838 13 44105 15 55753 16 44832 20 65872 21 43601
0 18201 1 29672 2 35857 7 26685 9 31310 10 9159 13 4839 17 8480 18 8304 20 7227
0 10946 2 21564 5 11108 13 11256 14 12993 15 7237 16 5819 17 10033 18 9824 22 9449
0 8887 1 14489 4 16572 5 9019 6 13238 8 13880 11 12289 12 10817 15 13413 22 17513
1 37193 2 44946 3 32960 5 23153 6 33982 8 53765 11 47603 12 41901 19 40081 21 40631
2 23718 4 22449 6 17933 7 17652 9 20710 12 36136 14 40915 19 34565 20 52939 22 58501
0 21138 2 41644 7 30993 8 28435 9 36363 16 35851 17 61813 18 60524 21 34867 22 58212
1 25530 4 29200 5 15892 7 22960 9 26938 12 25945 15 32170 17 44601 18 43671 22 42002
0 25949 1 42304 3 37489 5 26334 6 38651 8 36177 10 52344 16 28112 19 26970 22 45645
0 33553 6 49978 7 49194 8 45135 10 65305 11 45896 13 39628 14 45743 15 50093 20 59185
1 46915 2 56693 4 53659 8 38711 10 56010 12 41317 14 46781 18 69545 19 39521 22 66888
1 14930 2 18042 4 17077 5 9294 11 10907 12 16959 15 21029 16 16910 17 29155 21 16445
0 34054 1 55518 2 67090 5 34560 8 45810 9 71066 11 49203 12 43310 13 42483 21 41997
0 22669 2 44660 3 32751 11 26999 12 23766 14 36314 15 39768 18 53985 19 30678 22 51922
0 5080 5 5155 6 7567 7 7448 9 8739 10 1341 16 720 17 1241 19 691 21 700
2 34217 4 32386 11 20686 12 18208 14 20617 15 21460 18 29133 19 16555 20 25356 22 28020
0 29790 3 43038 7 43677 8 40073 11 35480 16 2525 17 4353 18 4263 20 3710 22 4100
2 71192 5 36673 7 52983 11 43039 12 37885 13 40350 14 46577 16 41015 17 70715 20 60264
3 40944 5 28761 6 42214 9 48752 10 55160 11 38313 13 33081 14 38185 17 57976 20 49407
0 19995 2 39392 6 29783 8 26897 9 34396 11 37769 14 37643 15 41223 19 31801 21 32238
4 19390 6 15489 8 13988 9 17888 11 12385 12 38505 14 43598 15 47744 17 66194 22 62337
1 15924 3 14111 9 16802 11 11633 12 10240 14 41199 16 36279 18 61247 19 34805 22 58907
5 30252 6 44401 7 43705 8 40099 11 35503 13 39070 16 39714 18 67044 19 38100 21 38623
0 11942 2 23527 4 22268 6 17788 8 16065 13 38028 14 43896 17 66646 18 65256 19 37084
1 33028 2 39912 3 29269 6 30177 10 39431 11 33270 12 29285 14 33158 18 49293 22 47410
3 10857 4 14012 5 7626 7 11018 8 10109 10 808 12 435 16 434 18 732 20 637
2 17988 3 13191 5 9266 7 13387 8 12283 9 15114 10 17101 15 11421 20 13494 21 8932
2 37099 5 19111 9 32394 10 36652 11 22428 12 27197 17 46753 20 39843 21 26372 22 44029
1 42417 3 37589 5 26404 7 38147 8 34999 13 33096 15 41837 16 33641 17 58003 19 32275
0 22207 1 36204 3 32083 8 29873 11 26449 12 42816 13 41998 19 40955 21 41517 22 69315
4 29582 5 16100 6 23630 7 23260 9 27291 11 34642 12 30493 13 29911 19 29168 22 49366
2 57908 4 54809 7 43096 11 35008 12 30816 13 12714 17 22281 18 21817 20 18988 22 20983
0 14926 1 24333 2 29405 6 22232 7 21884 8 25190 9 32213 13 19257 19 18779 22 31782
2 52992 3 38861 5 27298 7 39438 8 36184 12 40421 13 39649 15 50119 19 38664 20 59216
2 25914 3 19003 7 19285 11 15666 12 13790 13 30026 14 34660 16 30521 19 29281 21 29683
2 13093 5 6745 6 9899 7 9744 10 12936 11 38554 13 33288 16 33837 21 32907 22 54940
1 55424 5 34501 9 58482 10 66168 12 35641 13 2288 17 4009 19 2231 20 3417 22 3776
7 7320 8 6716 9 8589 10 9718 11 5946 12 14719 14 16666 15 18251 18 24775 19 14079
0 14589 2 28742 3 21078 5 14806 11 17376 12 26988 14 30558 15 33464 17 46395 19 25815
1 38813 3 34395 7 34906 10 46338 11 28355 12 37745 15 46802 17 64887 19 36105 20 55297
0 8322 1 13568 4 15519 7 12202 8 11195 14 34233 16 30145 17 51975 19 28921 21 29318
1 20403 2 24655 4 23336 5 12701 10 24358 11 20909 12 18405 15 22821 16 18351 22 29796
3 11841 6 12209 10 15953 12 8593 13 8429 14 32246 15 35313 17 48958 19 27242 20 41722
0 27904 2 54974 5 28319 6 41565 8 37537 10 8030 17 7436 19 4137 20 6337 21 4194
3 6739 4 8698 7 6839 8 6275 9 8025 10 27794 11 17008 13 14685 14 16951 16 14927
2 47991 3 35194 5 24722 7 35716 8 32769 11 47606 13 41104 16 41781 17 72037 21 40634
1 52248 2 63138 7 46989 8 43111 11 38170 12 46025 13 45146 18 77471 19 44025 21 44630
2 55464 3 40673 7 41277 9 48430 14 33419 15 41323 18 56096 19 31879 20 48824 22 53953
1 30808 6 28148 8 25421 9 32508 13 19433 16 37816 17 65201 19 36280 20 55564 22 61402
2 50890 4 48167 5 26215 6 38477 9 44437 10 71665 12 38602 13 37865 16 38488 17 66360
0 32017 1 52197 2 63076 12 33566 15 41620 16 7867 17 13564 18 13281 20 11559 22 12774
0 23509 2 46314 3 33964 5 23858 6 35017 7 11985 8 10996 12 8569 17 14732 20 12554
0 11408 4 21271 5 11577 7 16726 9 19624 13 40937 14 47254 15 51748 16 41612 22 67565
1 55705 3 49365 5 34676 6 50896 7 50098 10 997 14 608 18 904 20 787 22 869
2 59027 5 30406 6 44629 8 40304 10 58316 11 45374 12 39940 20 58512 21 38729 22 64660
0 27069 2 53328 4 50474 5 27471 12 28378 15 24017 16 19312 18 32603 19 18527 22 31357
0 12265 1 19996 5 12447 7 17983 8 16499 12 5837 18 9825 20 8551 21 5660 22 9450
0 17815 1 29043 2 35097 3 25737 5 18079 11 30492 13 26328 14 30391 16 26761 21 26027
1 12454 2 15049 6 11378 7 11200 9 13141 12 17074 15 21170 16 17023 18 28739 21 16556
1 33768 7 30369 10 40315 11 24670 13 21301 15 16285 17 22579 18 22108 19 12563 22 21263
0 14374 1 23434 3 20766 5 14587 11 17120 12 6719 13 6591 14 7608 15 8331 17 11551
2 47845 7 35608 10 47269 12 25461 13 24975 15 8179 16 6577 17 11340 18 11104 22 10679
0 38319 1 62471 3 55360 5 38888 7 56182 8 20293 10 29361 13 15513 15 19610 17 27187
0 14540 4 27113 10 28301 11 17318 13 14953 15 35077 16 28206 19 27060 20 41444 21 27431
0 29905 1 48754 3 43204 9 51444 10 58206 12 36724 14 41582 16 36616 17 63132 22 59454
0 16169 1 26361 2 31855 4 30150 5 16409 10 18605 11 11385 17 17227 20 14681 22 16223
0 24443 3 35314 10 47575 11 29113 14 29015 15 9153 17 12691 19 7061 20 10815 21 7158
3 54872 5 38545 8 51092 10 73924 13 39058 14 46096 17 69986 18 68526 19 38942 21 39477
0 9790 1 15961 2 19287 3 14144 4 18255 7 55888 8 51277 9 65573 12 39963 13 39199
3 19200 4 24781 12 13933 14 15776 15 17276 16 5495 18 9277 20 8074 21 5344 22 8923
0 7633 5 7746 6 11370 9 13131 11 9091 16 862 17 1486 19 827 20 1266 22 1399
2 20151 5 10380 7 14997 9 17596 12 10723 14 28798 15 31537 16 25359 19 24329 21 24663
1 46903 2 56679 4 53646 9 49491 12 30162 14 40344 15 44181 17 61253 21 34551 22 57685
0 25601 2 50436 4 47737 7 37536 9 44040 10 57196 12 30808 14 34883 17 52962 20 45134
0 25711 2 50653 3 37145 4 47942 5 26093 10 38790 16 20832 17 35918 20 30609 22 33825
3 12728 4 16428 7 12917 9 15156 12 9236 13 33921 15 42879 19 33079 20 50662 21 33533
1 9157 2 11066 5 5700 7 8235 9 9663 10 60487 12 32581 18 54840 19 31165 20 47731
0 12061 3 17425 4 22490 5 12240 7 17684 8 9223 14 8139 16 7167 18 12099 22 11637
1 44008 2 53180 3 38999 4 50334 8 36312 11 38872 15 42427 16 34116 17 58821 18 57595
1 22808 2 27561 4 26086 5 14198 7 20512 14 23501 16 20694 17 35680 18 34936 20 30407
0 8053 1 13130 2 15866 4 15017 5 8173 7 26419 12 18890 13 18530 18 31797 22 30582
4 20619 8 14875 9 19023 11 13170 12 11593 15 19116 18 25951 19 14747 21 14950 22 24959
0 13108 1 21370 7 19219 12 13742 15 17040 17 10963 18 10734 19 6100 20 9343 22 10324
4 25705 5 13990 6 20534 7 20212 10 26831 11 30451 13 26292 15 33236 16 26725 22 43394
3 11815 4 15250 7 11991 9 14069 11 9741 13 12068 14 13930 15 15255 19 11768 22 19918
2 38728 3 28401 4 36656 5 19950 7 28822 8 46760 11 41400 15 45186 18 61340 21 35337
0 20345 2 40082 3 29394 9 34999 10 39599 13 34267 14 39554 15 43316 16 34831 17 60054
1 6733 4 7701 5 4191 7 6055 8 5555 9 58286 11 40355 15 44045 16 35417 21 34445
1 45547 4 52095 5 28353 6 41615 9 48060 10 69075 12 37206 15 46134 16 37097 21 36078
1 12520 4 14320 5 7793 8 10330 12 8051 15 5637 17 7815 18 7652 21 4408 22 7360
0 12297 1 20048 6 18317 8 16542 10 23935 14 42554 16 37472 19 35950 20 55059 22 60843
0 13323 1 21721 2 26248 4 24844 8 17923 13 32094 15 40570 16 32623 20 47934 22 52970
1 11978 3 10615 7 10772 8 9883 12 7703 16 30761 17 53036 19 29511 21 29916 22 49946
0 27974 4 52162 12 29328 14 33207 15 36365 16 6591 17 11364 19 6323 21 6410 22 10702
0 22298 3 32215 4 41579 7 32694 9 38359 10 49435 12 26627 13 26119 14 30149 20 39009
1 15368 6 14041 7 13821 8 12680 9 16216 11 46171 14 46016 15 50392 19 38875 22 65794
7 22236 8 20401 9 26089 10 29518 13 15596 14 37062 17 56270 20 47953 21 31740 22 52991
0 32155 1 52423 2 63349 3 46456 9 55315 13 44544 14 51418 19 43438 20 66528 21 44035
0 6796 3 9818 6 10123 9 11691 10 13227 13 28707 17 50310 18 49261 21 28378 22 47379
2 15558 6 11763 8 10623 9 13585 13 8121 15 35816 16 28800 17 49656 20 42317 22 46763
2 62711 3 45988 5 32305 6 47415 10 61956 11 51652 13 44597 16 45332 19 43490 22 73605
0 6847 3 9893 5 6949 9 11779 15 8901 17 9734 18 9531 19 5416 20 8295 21 5490
3 10350 4 13358 5 7270 7 10503 13 7367 14 10874 15 11908 16 9576 18 16166 19 9187
0 20720 1 33779 2 40820 4 38635 8 27872 10 57212 13 30228 16 30726 19 29477 20 45146
0 8265 1 13475 3 11941 6 12311 7 12118 9 49986 11 34608 13 29881 18 51277 19 29139
0 18403 2 36256 7 26982 10 35819 12 19293 13 37494 17 65710 18 64340 19 36563 20 55999
5 14455 6 21216 7 20883 10 27722 12 14932 13 21041 14 24288 15 26598 18 36107 21 20801
0 22608 1 36858 2 44541 3 32663 4 42157 5 33042 11 38778 14 38649 15 42324 18 57455
1 18839 3 16695 5 11727 6 17213 7 16943 12 21653 13 21239 17 37223 20 31721 22 35054
0 4803 1 7831 5 4875 10 9350 13 4940 14 1345 15 1473 17 2042 19 1136 22 1923
1 13656 2 16503 3 12102 4 15620 5 8501 9 53951 11 37353 15 40769 18 55344 22 53230
3 38380 5 26960 6 39570 8 35736 10 51706 12 35254 15 43713 16 35150 18 59340 22 57073
0 18943 2 37319 5 19224 6 28216 7 27774 8 1530 10 2214 14 1350 16 1189 18 2007
4 40603 8 29292 11 25935 13 22393 14 25848 16 2906 17 5011 18 4907 20 4271 22 4719
0 5372 1 8759 2 10585 4 10018 5 5452 7 4447 13 3119 15 3943 18 5352 20 4658
0 22630 2 44583 3 32694 4 42197 8 30442 13 27761 15 35092 17 48653 18 47638 19 27072
1 19334 2 23364 5 12035 7 17388 8 15953 9 3965 10 4486 11 2745 17 4154 20 3540
2 65911 3 48334 6 49834 7 49052 11 39847 12 38710 13 37971 17 66545 20 56710 22 62668
0 13453 2 26503 4 25085 5 13652 9 23142 11 23755 13 20511 18 35197 19 20002 20 30634
0 11944 1 19472 4 22272 5 12121 6 17791 8 9761 9 12483 10 14123 11 8642 22 12316
0 14102 2 27783 6 21006 13 14502 15 18332 16 5886 17 10149 18 9937 20 8649 22 9557
1 7393 3 6552 6 6755 7 6649 8 6100 12 20681 13 20286 15 25643 16 20620 17 35552
2 57276 3 42003 5 29505 6 43305 9 50013 14 46630 18 69321 19 39394 20 60334 21 39935
0 16623 1 27101 2 32750 8 22362 10 32355 12 27299 13 26777 14 30909 15 33849 20 39993
1 40518 3 35906 6 37020 7 36440 11 29601 12 45501 13 44632 15 56419 19 43524 21 44121
0 39510 3 57081 5 40096 6 58851 11 47057 13 31906 14 36829 16 32431 18 54750 22 52659
0 21010 5 21322 6 31296 7 30805 8 28263 11 48159 12 42392 13 41582 17 72874 21 41106
1 54204 2 65501 7 48748 9 57195 12 34857 13 40465 15 51151 17 70917 19 39460 20 60436
0 13501 3 19505 4 25174 7 19795 8 18161 11 23710 12 20871 13 20472 19 19964 20 30576
0 27764 3 40112 5 28177 7 40708 8 37349 10 25943 11 15875 17 24022 21 13550 22 22622
2 66962 5 34494 6 50629 13 34953 14 40347 16 26883 17 46350 18 45383 19 25790 22 43649
6 45384 10 59302 11 36289 12 31943 14 36167 15 52519 16 42231 18 71294 19 40515 21 41071
0 14955 3 21606 5 15177 7 21927 8 20117 12 7386 17 12698 18 12433 19 7065 21 7162
1 30659 4 35066 5 19085 6 28012 7 27573 11 42181 13 36420 14 42040 19 35515 20 54394
1 22331 4 25541 6 20403 8 18426 10 26661 12 21577 16 21514 19 20640 20 31611 21 20923
4 8570 7 6739 8 6183 11 5474 12 4818 14 11189 15 12253 19 9453 20 14478 22 15999
3 53816 5 37803 7 54615 10 72501 12 39052 16 10250 17 17672 18 17304 20 15060 21 9968
0 23245 4 43344 6 34624 9 39987 13 23904 15 45619 16 36683 18 61928 19 35192 20 53899
0 18655 2 36753 4 34786 5 18932 8 25095 11 4276 14 4261 16 3753 18 6335 20 5514
1 15511 2 18744 7 13950 8 12798 9 16367 10 75081 13 39669 14 45791 15 50145 19 38684
0 19086 1 31116 5 19370 7 27984 8 25675 14 14165 16 12474 17 21506 18 21058 22 20253
4 17355 5 9445 8 12520 9 16011 10 18115 15 38040 18 51639 19 29346 20 44944 21 29748
2 52393 3 38421 4 49589 7 38992 12 27881 18 58206 19 33077 20 50659 21 33531 22 55982
0 13097 1 21352 3 18921 4 24421 6 19508 9 12206 13 7297 15 9224 17 12788 18 12521
1 37249 3 33009 4 42603 6 34033 8 30735 9 47196 16 28678 20 42138 21 27891 22 46565
0 29838 5 30281 6 44444 7 43747 10 58074 11 37822 16 33194 20 48773 21 32282 22 53897
0 29964 4 55872 7 43932 11 35688 12 31413 13 33464 16 34016 17 58648 20 49980 21 33082
2 13013 3 9543 6 9839 9 11363 10 12857 12 48352 14 54748 16 48210 19 46251 21 46886
0 15364 7 22526 9 26430 10 29903 12 16107 14 7718 17 11718 18 11473 19 6520 20 9986
1 55063 3 48795 4 62978 5 34276 6 50309 7 57361 8 52628 9 67301 12 41016 21 39772
3 48891 7 49617 11 40305 12 35478 13 34800 15 12251 16 9851 19 9451 20 14475 22 15996
0 26002 2 51226 4 48485 5 26388 10 50609 13 33223 15 41996 19 32398 20 49619 22 54832
0 28478 2 56103 4 53101 6 42418 11 33917 12 43798 16 43669 17 75291 19 41894 21 42470
0 19040 3 27507 5 19323 11 22677 13 19580 16 7724 17 13317 19 7410 20 11349 22 12541
0 15713 2 30956 4 29299 5 15946 9 27030 10 8633 15 5766 16 4636 18 7827 20 6813
0 31375 1 51150 4 58503 7 46001 11 37368 12 41607 13 40812 18 70034 19 39799 21 40345
2 39125 5 20154 6 29581 8 26715 12 20820 13 33283 16 33831 17 58330 21 32902 22 54931
1 48092 2 58116 3 42618 6 43940 8 39683 9 61216 10 69262 11 42383 13 36595 20 54655
1 11672 2 14105 3 10344 4 13350 5 7266 6 21977 12 15468 17 26591 19 14796 20 22660
0 14800 2 29157 3 21382 4 27596 5 15019 6 52088 7 51272 8 47041 14 41511 22 59352
0 14879 3 21497 4 27745 6 22164 10 28961 13 23394 14 27003 15 29571 17 40998 21 23126
0 37743 2 74357 3 54529 5 38304 7 55338 9 66351 15 50139 19 38680 21 39211 22 65464
0 10931 1 17821 2 21536 4 20383 5 11093 6 5415 12 3811 15 4725 18 6415 22 6170
1 13638 2 16480 3 12085 8 11253 9 14390 10 23760 15 15869 16 12761 17 22001 20 18750
1 47654 4 54505 9 50284 10 56893 11 34814 12 37820 17 65015 18 63659 19 36176 20 55406
1 48077 2 58098 5 29928 6 43926 12 30917 13 29258 16 29740 17 51276 18 50207 20 43697
5 11634 7 16808 8 15421 9 19721 10 22313 11 31314 12 27564 14 31209 19 26366 20 40381
0 30131 6 44880 7 44177 8 40532 9 51832 11 41270 15 45044 18 61148 19 34749 20 53220
0 6775 2 13348 3 9789 5 6876 6 10092 8 50774 13 38815 14 44805 15 49066 22 64062
1 11829 3 10483 4 13530 11 8642 12 7607 13 9976 16 10140 18 17119 19 9728 20 14899
1 8720 2 10537 5 5428 6 7967 7 7842 10 49360 13 26080 16 26509 17 45706 18 44753
0 20183 4 37635 6 30064 7 29593 9 34721 10 75833 12 40847 13 40067 14 46249 16 40726
0 23326 1 38029 2 45955 3 33700 5 23673 9 53945 16 32780 20 48164 21 31879 22 53224
0 4412 2 8693 4 8228 7 6470 8 5936 9 6380 10 7219 19 3719 20 5696 22 6295
0 6907 2 13607 5 7009 9 11881 10 13443 11 17887 12 15745 13 15444 14 17827 19 15060
1 40689 3 36057 7 36593 8 33573 9 42934 12 30641 13 30056 18 51576 20 44889 22 49606
1 5797 3 5137 6 5296 8 4783 9 6116 11 37081 16 32544 18 54941 20 47818 21 31651
2 44922 3 32942 6 33964 8 30673 9 39225 10 66209 13 34982 15 44220 20 52246 22 57735
1 47653 4 54503 6 43539 8 39320 9 50282 12 44069 15 54643 16 43939 17 75758 21 42733
0 25578 1 41699 3 36953 6 38099 11 30464 13 33549 15 42409 16 34101 17 58796 21 33165
1 29993 2 36244 7 26974 10 35807 12 19287 14 37481 16 33005 17 56906 20 48495 22 53591
0 15159 5 15384 7 22225 9 26077 10 29504 11 14064 13 12143 17 21281 18 20837 22 20041
1 16332 4 18680 9 17233 10 19498 11 11931 13 26035 14 30053 15 32911 17 45628 19 25389
1 16005 3 14183 5 9963 8 13206 10 19108 11 12692 15 13853 17 19206 21 10833 22 18087
0 21967 1 35813 4 40961 6 32721 11 26163 12 31507 18 53034 19 30138 21 30552 22 51007
0 18399 6 27407 8 24751 10 35812 11 21914 13 26616 15 33645 18 45674 20 39752 21 26312
7 11056 11 8981 12 7905 14 8951 15 9802 16 24592 17 42400 19 23593 20 36134 21 23917
0 34250 2 67476 4 63865 5 34759 12 35907 13 41964 15 53046 16 42655 21 41484 22 69259
4 33199 11 21205 12 18665 13 18309 15 23144 17 29187 19 16241 20 24873 21 16464 22 27487
0 34974 2 68901 3 50527 6 52094 8 47046 9 68977 14 47597 16 41913 19 40210 20 61584
5 8209 9 13916 10 15745 12 8480 13 8319 14 4463 15 4887 17 6776 18 6635 20 5774
0 15123 4 28199 6 22526 7 22173 9 26015 10 55016 12 29634 13 29068 16 29547 21 28735
0 17290 2 34062 4 32239 5 17546 11 20592 12 34936 13 34268 14 39556 15 43318 17 60057
1 18159 3 16092 4 20770 5 11304 12 11677 13 25646 14 29603 16 26068 17 44945 18 44008
0 10080 2 19859 3 14563 9 17341 14 11966 15 3679 16 2958 17 5100 18 4994 20 4347
5 28455 7 41110 8 37718 10 54574 11 33395 14 31858 16 28053 17 48368 20 41220 22 45550
0 15375 2 30291 3 22213 5 15604 7 22543 11 2231 16 1958 17 3376 18 3306 20 2877
0 32707 1 53321 4 60987 6 48718 8 43997 10 75258 12 40537 13 39763 14 45898 22 65626
0 21044 1 34308 3 30403 8 28309 9 36201 10 69854 11 42745 14 42603 18 63333 19 35991
2 12756 5 6571 6 9644 11 7711 12 6788 13 29399 17 51524 18 50449 19 28669 21 29063
3 12869 6 13268 8 11983 9 15323 10 17337 11 44577 15 48653 20 57484 21 38048 22 63523
0 30174 4 56265 5 30623 7 44241 10 58730 13 590 14 682 17 1035 18 1014 22 975
2 26818 4 25383 7 19959 8 18312 11 16213 12 32929 15 40830 17 56607 18 55427 22 53309
1 36475 2 44077 3 32323 4 41718 8 30096 9 49383 12 30096 18 50658 19 28788 20 44090
1 38955 5 24249 6 35591 8 32143 9 41104 12 17873 16 17820 18 30084 20 26184 22 28935
1 37375 3 33121 4 42748 6 34148 7 33613 10 56210 11 34396 13 29699 14 34282 17 52048
2 32631 3 23929 5 16809 6 24671 12 17364 13 8437 15 10666 16 8576 17 14787 18 14479
3 47124 8 43878 10 63487 11 38849 13 33543 15 11697 17 16217 18 15879 20 13821 22 15273
1 50966 6 46566 8 42053 9 53778 11 37234 12 41044 13 40260 14 46473 15 50892 22 66447
0 13517 5 13718 7 19818 8 18183 12 14171 13 10501 15 13275 17 18405 18 18021 22 17332
1 28668 4 32790 5 17846 6 26193 7 25783 13 27565 15 34845 16 28019 19 26881 22 45494
0 31732 4 59169 7 46524 9 54586 12 33267 13 44202 16 44930 19 43104 20 66016 21 43696
4 20436 5 11122 6 16325 7 16069 9 18854 11 53826 12 47379 13 46475 14 53646 16 47240
0 40665 3 58749 5 41269 6 60571 12 42632 14 48894 15 53544 19 41306 21 41873 22 69909
0 16284 7 23875 9 28012 10 31694 13 16746 14 42921 16 37796 18 63806 19 36260 22 61369
0 11805 1 19246 5 11980 9 20308 10 22977 12 37207 13 36497 14 42128 17 63962 19 35590
0 12136 5 12316 6 18076 7 17793 13 12480 14 7949 17 12069 19 6715 21 6808 22 11366
2 25032 3 18357 6 18926 8 17092 9 21858 10 63431 14 38685 15 42364 18 57510 21 33130
1 56335 3 49923 6 51471 11 41156 12 36227 13 36953 15 46712 16 37562 17 64762 22 60988
0 28927 1 47159 2 56988 8 38912 10 56301 12 35547 17 61108 19 34002 20 52076 22 57547
0 26286 1 42853 2 51785 4 49014 6 39154 7 53519 8 49103 11 43475 14 43330 18 64414
0 17150 2 33788 5 17405 6 25546 7 25146 15 3693 17 5121 18 5014 20 4364 21 2888
0 27328 1 44552 4 50957 7 40067 8 36761 12 39387 15 48837 16 39271 19 37675 21 38192
0 6916 1 11276 2 13626 3 9992 6 10302 7 25907 8 23769 11 21045 20 27139 21 17963
3 7757 5 5449 9 9236 11 6394 12 5629 13 2622 15 3314 16 2665 21 2592 22 4327
2 38429 4 36372 6 29055 9 33556 10 37966 14 36650 16 32274 19 30962 20 47421 22 52403
0 32001 2 63046 5 32477 9 55050 10 62286 13 35281 15 44598 18 60542 20 52693 22 58229
1 35412 5 22044 10 42278 15 28237 16 22705 17 14829 18 14520 19 8251 21 8365 22 13965
0 14853 6 22125 7 21778 8 19981 10 28910 13 20232 14 23353 17 35457 20 30216 21 20000
0 14743 3 21300 6 21960 8 19832 10 28695 13 32911 16 33454 17 57679 21 32535 22 54318
5 16213 7 23424 8 21491 9 27483 10 31095 16 24843 17 42833 19 23834 20 36503 21 24161
1 18031 7 16216 8 14878 12 11595 14 13129 15 50550 16 40648 20 59725 21 39532 22 66000
3 43105 4 55634 6 44442 8 40136 10 58072 11 50807 13 43868 16 44590 18 75277 19 42778
1 45136 5 28097 6 41239 8 37243 13 28471 14 35751 16 31482 17 54279 18 53147 21 30617
0 19903 2 39211 5 20199 8 26774 12 20866 17 30332 18 29700 19 16878 20 25849 21 17110
2 20367 8 13907 9 17785 10 20122 12 10838 13 41066 15 51911 17 71970 19 40046 21 40596
0 20189 3 29167 4 37645 8 27158 9 34730 10 74694 11 45707 12 40233 13 39465 16 40115
1 43736 2 52851 4 50023 5 27225 11 31951 12 44637 16 44505 17 76734 19 42697 21 43283
0 15409 5 15638 7 22593 8 20728 9 26508 11 24158 12 21265 16 21202 17 36556 18 35793
1 24622 2 29754 4 28162 7 22143 11 17988 13 36619 14 42270 16 37222 17 64177 18 62839
3 15808 5 11104 7 16042 10 21296 12 11471 13 19995 16 20325 17 35043 19 19499 21 19766
0 35028 6 52175 7 51357 9 60256 12 36722 14 47345 17 71883 19 39998 20 61259 21 40547
3 25247 5 17735 9 30062 10 34013 15 22717 17 54280 18 53148 19 30203 20 46257 21 30617
5 41422 8 54905 11 48612 12 42790 16 42664 17 39830 18 38999 20 33943 21 22467 22 37509
0 8773 2 17283 6 13067 7 12862 8 11801 12 27449 13 26925 14 31080 20 40213 21 26617
1 36955 3 32748 4 42267 8 30492 12 23764 16 30142 17 51970 19 28917 21 29314 22 48942
0 9790 1 15960 3 14143 7 14353 11 11660 12 37467 13 36752 16 37357 17 64409 21 36331
0 14275 1 23272 2 28123 3 20623 4 26618 10 41882 13 22128 18 37972 19 21579 20 33049
2 18901 4 17889 7 14066 8 12906 9 16504 14 44013 18 65429 19 37182 21 37693 22 62929
0 13234 2 26073 8 17803 10 25759 14 15710 15 40620 18 55142 19 31336 21 31766 22 53035
2 8424 4 7974 5 4339 7 6270 10 8323 11 11038 18 16354 20 14234 21 9421 22 15730
0 9617 1 15678 2 18946 3 13894 6 14325 10 32875 11 20117 16 17656 19 16938 22 28668
0 13553 1 22095 6 20188 8 18232 9 23315 12 3311 13 3248 15 4106 18 5574 21 3211
1 27401 2 33112 3 24282 6 25035 8 22609 10 62927 14 38378 16 33795 20 49656 21 32867
0 6561 2 12925 4 12233 6 9772 8 8825 11 12406 13 10712 20 15999 21 10589 22 17679
3 49046 5 34453 6 50567 12 35591 14 40298 16 40434 19 38791 20 59411 21 39324 22 65653
1 48176 3 42693 9 50834 10 57516 14 35078 15 45826 16 36850 17 63534 19 35352 22 59833
2 41570 3 30484 4 39345 6 31430 8 28384 10 73713 13 38946 15 49231 16 39588 22 64278
1 49320 3 43706 4 56410 6 45062 7 44355 8 37400 10 54114 15 36142 20 42702 22 47188
0 30683 1 50022 2 60448 4 57213 6 45703 9 61755 11 42757 14 42614 15 46666 18 63350
2 18217 3 13359 4 17242 5 9384 7 13558 8 21002 10 30387 11 18595 18 27550 19 15656
1 20823 4 23816 6 19025 9 21972 10 24859 13 37611 14 43415 17 65915 18 64541 19 36677
0 27763 1 45261 2 54695 4 51768 7 40705 11 53336 12 46948 14 53158 16 46810 19 44908
1 44838 4 51284 7 40325 10 53531 11 32757 13 41626 15 52619 19 40593 21 41150 22 68701
4 41772 6 33369 7 32846 8 30135 10 43602 13 34168 14 39440 18 58632 19 33319 20 51030
1 20114 5 12521 9 21224 11 14694 12 12934 17 7897 18 7732 19 4394 21 4454 22 7437
1 51130 3 45311 7 45984 9 53952 12 32880 13 44077 14 50878 16 44803 21 43572 22 72746
3 50608 4 65318 5 35550 6 52178 7 51360 10 64141 11 39249 14 39118 17 59392 18 58153
6 24143 7 23765 8 21804 12 16993 13 16668 14 48779 16 42954 19 41209 20 63114 21 41775
1 25328 2 30607 4 28969 5 15767 7 22778 12 23985 13 23526 14 27157 17 41231 20 35137
0 20477 1 33383 3 29583 5 20781 6 30501 8 31085 12 24226 13 23764 15 30039 20 35491
0 19245 3 27803 4 35885 7 28216 8 25888 15 19260 16 15487 17 26702 18 26145 20 22756
3 45639 6 47055 11 37625 14 37499 15 41065 16 27337 17 47133 18 46150 19 26226 20 40166
2 49579 6 37485 8 33853 13 25879 14 29873 16 33425 17 57630 18 56429 19 32067 21 32508
1 7063 3 6259 4 8079 6 6453 7 6352 13 7925 14 9148 16 8055 20 11836 21 7834
0 11139 1 18159 3 16092 4 20770 9 19161 10 31120 11 19043 12 16762 15 20784 19 16034
2 19011 6 14373 7 14148 8 12981 12 10116 13 19396 14 22389 17 33992 21 19174 22 32012
1 35541 3 31495 9 37502 10 42431 11 25965 12 40934 17 70369 18 68901 19 39155 21 39693
1 18980 2 22936 3 16819 5 11815 8 15661 14 11264 17 17103 18 16746 20 14575 21 9647
2 32024 3 23484 5 16497 7 23833 10 31639 14 33118 15 36267 17 50282 18 49233 19 27978
0 30157 4 56232 6 44919 9 51877 11 35917 12 43040 16 42913 18 72445 20 63053 21 41735
0 20593 1 33572 4 38399 5 20899 7 30193 9 65856 14 45444 16 40017 19 38391 22 64976
0 32219 1 52526 4 60077 5 32697 10 62709 13 36917 15 46666 16 37525 17 64699 18 63350
0 34097 1 55588 4 63579 6 50788 8 45867 9 71763 12 43735 15 54229 19 41835 21 42409
0 19909 1 32457 3 28763 4 37123 5 20204 7 17352 8 15920 13 12170 20 18176 22 20086
2 21126 5 10882 6 15972 9 18446 10 20871 11 24708 12 21749 15 26967 19 20804 22 35210
2 58942 5 30363 6 44565 7 43866 11 35634 13 39720 14 45850 15 50210 16 40374 21 39266
2 46627 4 44132 6 35254 7 34701 8 31838 10 74840 11 45796 17 69299 19 38560 21 39089
0 9540 2 18795 6 14210 8 12833 9 16411 10 65233 11 39918 12 35137 18 59144 22 56884
1 46243 3 40980 4 52891 5 28786 7 41588 8 42037 13 32136 16 32665 17 56319 22 53038
0 37956 3 54836 5 38519 6 56536 11 45206 14 5588 15 6120 17 8484 21 4786 22 7990
0 13715 6 20429 7 20109 8 18450 9 23594 13 32344 16 32877 17 56684 21 31974 22 53382
1 35485 2 42881 4 40586 5 22089 6 32421 8 32399 9 41432 10 46878 18 42502 19 24153
0 27967 1 45594 4 52149 6 41658 11 33309 12 37991 13 37266 18 63948 21 36840 22 61505
3 26705 4 34467 8 24865 9 31797 10 35977 11 35499 13 30651 15 38745 19 29890 20 45778
1 34890 3 30919 4 39906 6 31878 9 36816 12 40776 13 39997 14 46169 15 50560 22 66013
1 12950 2 15649 7 11646 8 10685 11 9461 13 22741 16 23115 17 39854 18 39023 20 33964
0 30010 3 43355 4 55957 5 30455 7 43999 11 42012 15 45854 16 36872 17 63573 21 35860
0 8142 3 11763 4 15182 8 10953 10 15847 11 5415 16 4752 17 8194 18 8023 20 6983
5 42836 8 56779 11 50272 12 44251 13 43406 14 32314 15 35387 18 48038 20 41810 22 46203
0 7066 2 13921 7 10361 14 8388 15 9186 16 10370 17 17880 18 17507 20 15237 21 10085
0 13912 1 22680 6 20722 9 23932 12 14585 14 39953 15 43753 16 35182 18 59395 21 34216
3 10324 4 13325 5 7252 7 10478 10 13909 14 37551 15 41123 17 57013 18 55824 21 32159
0 10794 2 21265 9 18568 10 21008 12 11316 14 15265 16 13442 18 22693 19 12896 22 21826
0 29070 2 57270 5 29502 9 50008 10 56580 15 22948 16 18453 17 31816 18 31152 20 27114
2 14188 4 13429 9 12389 14 8549 15 9362 16 37671 17 64951 19 36140 20 55351 22 61166
1 46786 2 56538 5 29124 6 42747 7 42077 8 40480 9 51766 10 58570 14 35721 15 39118
0 26010 2 51241 3 37577 6 38742 8 34988 10 7047 14 4297 16 3784 20 5560 22 6145
