513 335 4
46 27992 87 33590 89 21655 120 33590 237 41432 245 35200 278 31074 282 26229
23 7283 83 12730 127 12428 167 10010 206 10710 242 7783 288 7357 322 7496
63 12298 89 9492 113 10394 159 14972 165 8920 227 10013 240 10831 328 8248
38 5651 44 5390 102 8541 117 8513 136 44883 202 26723 204 46845 214 46339
0 9770 8 8206 110 13512 181 10155 192 7428 214 13145 240 10464 313 10091
10 56630 31 32804 47 35866 55 30919 75 40440 148 36477 193 39324 319 37970
75 15914 98 14056 128 15485 131 15697 209 8116 298 6661 312 8056 318 6299
45 7121 59 4932 121 4592 128 5251 189 29604 255 37027 266 47884 315 34309
5 17032 60 20100 70 11038 134 16207 153 16989 227 18625 247 19461 286 18092
49 16120 68 15819 85 16069 141 12548 221 767 238 811 270 501 318 448
23 14604 102 28650 119 18066 152 23406 155 13591 200 21135 254 12301 266 18394
35 36733 77 32988 122 51545 137 34156 139 19652 159 32213 195 30799 227 27344
83 15313 95 9878 125 12724 232 15648 272 20827 287 12666 304 12894 310 14335
5 31266 57 22868 84 23087 132 21666 190 39161 282 38818 314 39360 316 34769
5 9283 40 6757 103 9612 137 6703 169 30107 201 28165 211 25404 225 19222
5 20311 26 17126 33 16324 67 17020 119 26656 140 40122 164 22899 236 26311
133 39639 159 40865 175 38621 235 30641 283 51299 291 38823 292 32925 304 35355
9 30747 18 24442 24 20511 45 30045 77 24234 106 24942 114 33037 138 27199
26 34190 40 29516 60 47852 79 24638 98 34257 146 32774 243 33439 280 55876
28 12843 49 14884 178 12535 195 16871 215 15015 231 14451 271 17473 272 23110
96 11802 138 14409 149 12246 157 16500 167 12758 188 10166 237 16481 291 11350
1 29848 11 50996 58 34894 103 49433 192 34911 203 36170 222 50351 235 40161
121 14000 165 16848 166 13507 192 14522 214 8584 229 8013 298 4806 304 4926
89 18906 134 28010 159 29821 162 20783 212 48528 231 27426 243 26117 319 28442
8 3613 12 4957 97 5158 136 6784 205 18923 258 18512 263 18289 265 21251
30 27484 37 31161 62 30507 78 28431 107 28862 132 32378 136 52889 288 35848
10 17717 133 15301 135 16714 149 10358 200 1531 254 891 322 1025 332 1276
44 11428 163 18110 169 15037 176 17780 298 21372 311 39100 312 25847 324 35166
5 26725 29 19260 104 25748 164 17104 183 22284 232 38204 270 24581 319 24948
70 13931 77 14992 148 14505 151 15637 157 10021 195 10829 210 11423 295 7863
56 17161 98 18378 107 17181 148 18768 204 20603 235 13248 265 14682 306 11096
30 9015 63 7703 90 9687 97 7967 139 33069 180 44456 321 43651 334 32566
54 14323 131 11869 222 15320 227 13833 239 18162 270 15744 274 14976 330 24086
203 22604 210 33757 236 24296 246 21685 257 30436 266 47886 302 36576 331 30113
6 11454 20 12248 68 13426 102 18914 117 17873 223 14430 226 12073 301 9766
12 35437 65 31965 129 48909 147 27504 177 17939 181 21183 237 30361 253 21723
0 14167 24 13301 40 14367 116 13607 154 5111 280 6069 297 4424 324 6063
2 9170 16 7577 64 13103 95 8272 210 5061 238 5543 259 4418 316 3003
72 6680 100 9153 113 7354 184 11836 195 7775 208 5815 217 5910 238 8982
29 14069 51 13240 66 12234 88 12306 130 4392 182 4779 268 3016 289 3840
38 35155 39 28482 40 32740 45 44402 94 29709 112 24984 252 28176 314 22541
21 20014 26 15971 56 11686 152 18281 202 14789 234 17494 258 16093 312 17366
7 11691 147 11906 185 13296 192 12248 243 1205 298 1223 313 1677 324 2012
63 39713 79 28998 112 36303 116 32900 158 27404 183 14346 246 15008 301 14713
16 25026 50 34881 70 26077 156 30227 174 32964 187 36652 273 36208 296 26617
38 27684 133 34807 179 27328 189 22247 238 41113 267 31149 274 24187 329 22299
9 35498 116 24224 129 40109 179 27111 198 20569 218 21907 279 14873 283 18180
55 27792 69 28699 82 34690 88 28197 160 10948 198 12854 277 7443 296 7024
30 30021 120 30712 157 27631 184 34893 196 38490 240 38292 250 27931 299 45542
13 19727 82 19543 96 16158 151 18333 154 15009 159 16754 212 19818 294 10423
36 41379 50 36435 72 26852 105 25786 160 26613 203 19420 238 31765 276 25528
21 5505 153 4087 183 3268 193 3790 204 4775 228 3353 235 3070 236 2972
14 5383 30 4563 71 4937 117 5518 121 18528 145 20739 198 32038 318 18008
49 41356 52 39874 58 35372 121 30809 171 41239 196 37315 238 44654 306 25389
17 12215 23 6417 44 7944 57 7793 63 8636 166 6374 195 10052 291 7641
44 35917 66 30191 128 35071 131 35550 149 1543 175 2220 222 2209 284 1617
117 11528 156 7354 168 8379 231 6631 248 32827 256 30788 257 26061 262 48207
2 28241 9 37901 46 31147 61 27438 81 30274 118 24857 141 20344 221 32348
15 32206 34 36760 39 29998 168 40544 238 46642 255 32744 261 29564 316 25270
47 12070 56 10333 61 12249 109 17855 245 5655 262 7436 289 4862 304 4175
12 12759 41 10016 46 12808 95 10475 196 12648 238 15136 306 8606 310 10083
45 27725 71 29590 75 21010 157 25173 159 45932 164 29016 170 43602 296 27272
20 20972 23 16508 127 28168 187 22707 217 27709 227 32361 279 29954 296 22636
81 19681 97 17111 110 19736 119 14812 214 50381 255 33868 310 32139 331 27543
19 5226 21 5349 98 3344 107 3127 147 3478 160 5080 189 3403 286 4526
17 16392 101 8976 123 10223 144 13360 198 4920 217 3291 267 3789 280 4817
11 20925 67 16416 86 14737 141 13032 182 23838 240 22812 291 18057 328 17371
46 38336 51 31313 59 31570 88 29104 105 33786 142 34095 172 34874 331 35184
4 25522 92 14394 137 16384 145 16168 273 13943 278 13664 279 13563 291 12547
10 13729 19 12457 28 8897 63 10040 110 35398 144 33317 211 29516 291 26259
120 4749 125 4169 178 3430 238 5334 249 9280 253 7375 310 7187 315 7018
7 7396 75 8778 85 9995 111 7957 229 9424 240 8037 253 6610 306 5497
14 22701 67 16559 100 17297 164 12647 171 15164 186 14894 214 17148 268 9002
30 34147 40 25524 93 26958 136 39689 163 51450 178 31343 264 36693 271 35664
66 8318 102 15681 138 10390 172 8405 255 22093 298 18402 308 19143 334 17117
54 8144 80 5545 118 7434 184 10353 237 1690 281 1639 301 1017 328 1120
91 12987 173 19042 178 13894 194 15751 250 21368 261 22336 262 37613 287 20743
11 33871 26 26737 62 34277 65 23656 110 37023 129 42574 298 24405 313 33459
21 16166 50 13262 104 14739 198 16841 226 22513 289 22106 307 19600 317 17236
4 20245 102 21262 164 11518 192 11884 212 47656 282 26917 287 26195 301 25587
61 31666 66 27132 128 31516 154 39296 163 57101 172 30608 243 31174 316 29303
37 38175 121 22010 127 35526 186 35092 253 29173 285 41263 290 32535 295 26819
10 49080 40 31398 56 26613 72 27556 93 10798 148 9477 173 13853 247 12621
23 16023 118 21625 127 27339 143 19459 190 31424 202 31013 263 33341 328 32598
29 30143 37 46185 47 30143 100 36611 158 47222 255 30955 280 42467 287 25956
0 17768 4 27845 75 18518 100 21667 143 38714 257 34181 293 33817 322 41373
77 14825 86 15990 160 19929 162 15009 177 34461 217 40166 263 39520 288 41848
7 10966 31 11467 93 13376 98 11495 118 9286 127 11741 178 8223 254 7763
31 14345 61 15917 65 16236 106 15622 177 7677 210 12416 259 10838 322 9498
60 22616 94 17336 129 21876 138 15001 139 25018 156 30407 267 34319 320 38082
38 8561 44 8166 45 10813 46 9094 92 16546 195 25264 240 24264 278 20916
6 4617 12 5337 61 4720 131 4762 133 22665 166 14166 267 19554 334 14038
54 9087 91 6865 99 11564 119 7603 123 38998 199 38314 202 36761 261 38691
51 19893 78 29553 83 30876 126 21440 163 21437 179 14000 252 15567 332 17655
106 29828 132 28795 137 30007 181 31001 193 4050 201 5108 312 4405 326 4431
38 21123 84 19954 165 20704 193 19659 242 15431 284 13261 290 16223 302 14756
0 8283 7 7274 39 7308 88 7274 122 8690 164 5104 187 6606 260 6003
16 20701 39 21077 120 33160 139 20570 262 10300 272 9340 325 5457 326 6864
57 19681 58 19668 67 22550 78 27110 98 28007 100 37101 242 34399 327 26182
10 40620 78 35963 113 25106 128 25985 133 37028 265 31722 274 24805 332 36661
3 8751 27 10734 94 9674 98 7066 102 22024 132 12918 211 15430 243 12024
2 16375 21 22986 94 19677 120 21672 230 46672 235 37981 258 36667 329 30346
91 3912 199 4084 216 4311 236 4276 271 28055 293 21886 294 21593 309 30280
109 34686 123 23261 173 32090 207 23732 228 39131 239 37657 293 30134 330 49939
23 2971 102 5828 134 4694 175 4723 203 5380 279 6259 311 9413 329 4772
41 24587 68 31760 82 29367 152 36552 155 14890 175 18992 206 22151 267 16817
25 31905 187 41904 197 32982 259 45119 263 3940 270 3763 281 5636 305 4768
4 27899 26 20913 35 19261 162 17512 291 28304 320 36162 321 31359 322 30044
23 20481 37 37552 96 21805 117 40047 185 7741 201 9910 279 8597 311 12929
23 19594 68 27286 193 23669 235 24717 240 47818 280 55398 316 31163 325 32531
93 6408 97 7173 102 9846 141 5544 225 24212 246 25373 291 28467 297 30371
78 37732 101 23511 177 23662 208 27135 221 29716 223 26710 237 30039 243 18120
23 30141 83 52681 95 33984 121 31863 144 6195 219 6925 283 6451 315 4826
26 22376 71 27959 141 17653 179 20475 206 31878 267 24202 292 17827 297 22426
29 20180 45 27644 81 27720 91 18837 108 21551 182 20155 193 15083 313 18600
79 16700 126 20088 156 20646 216 20377 226 10738 242 10955 253 10327 297 10605
40 19751 117 31950 195 26281 236 19952 237 46311 240 40293 253 33135 293 27672
22 9729 30 14954 42 10778 44 11447 81 2189 199 1553 274 1455 324 2380
38 26486 50 29374 125 29636 183 21259 185 4184 200 6814 243 3764 321 4762
43 22370 59 16979 106 17825 112 18891 118 18680 236 16901 279 18295 328 16280
55 25968 70 27089 93 32137 132 28964 182 1141 259 1047 320 1104 327 725
1 30550 40 35569 44 36428 146 30889 148 21109 196 29253 200 36519 322 24452
34 19850 39 16199 45 25253 93 19667 148 6304 199 6562 209 7448 245 8487
59 14762 68 18106 179 16659 206 24111 228 32839 311 47386 318 24493 334 24093
24 15811 51 15910 79 14255 114 22305 119 13346 144 16738 276 16111 333 11859
1 28893 25 29145 142 28611 177 29196 250 8612 253 9709 283 12348 324 13664
36 16747 50 14746 56 10495 107 10507 155 3605 198 5286 219 5015 247 4315
13 20431 35 20269 132 18086 157 23396 220 9440 272 8712 276 7233 327 4968
52 20800 58 18451 149 16793 209 20125 256 32584 257 27581 258 31324 282 28911
28 23748 138 25209 140 36115 158 38597 214 41122 266 35750 273 28795 301 22642
27 12487 67 10425 81 12316 115 8301 171 36059 173 34414 181 26030 325 22083
2 9024 89 7700 93 9217 115 7999 141 22543 254 23024 292 21162 306 21561
8 20496 53 38361 108 35337 132 23558 142 31381 216 37580 241 56428 331 32382
62 44115 84 30133 125 35692 136 46194 151 11860 191 11105 262 19474 264 13736
22 24245 52 31527 57 27986 145 27266 205 40432 242 43771 312 42682 317 32847
55 32545 113 36843 119 39027 155 39325 157 22076 166 15127 173 24292 327 15214
82 3809 94 4444 108 5106 117 5785 182 33726 188 22882 193 25238 220 40720
12 16506 17 22877 47 14382 51 13534 60 9299 83 8294 157 7063 319 5534
4 25904 81 22796 181 17180 200 26883 204 42195 229 38959 261 25334 319 25087
7 21277 18 27110 105 20710 161 28778 162 1666 204 2788 321 1925 331 1507
0 4639 38 5051 54 5755 157 5793 162 14745 246 13706 253 15976 306 13287
111 5211 112 5846 114 7306 131 5670 150 3341 198 4750 244 3946 255 3389
11 47584 37 49188 142 27580 164 28511 178 39456 188 36158 266 55698 316 33237
34 27919 62 38891 74 33498 183 22571 207 34174 212 56149 224 34547 310 34928
21 14843 44 10472 115 9373 118 11416 161 20603 201 22177 231 16369 326 19237
49 17635 62 22308 73 20790 89 13255 164 34015 168 45488 209 42369 268 32606
36 44901 143 33357 209 36358 216 33815 227 40810 234 37831 247 42642 303 32905
33 26047 52 26702 136 36684 162 22883 186 39138 279 30694 288 29583 314 26465
51 14900 73 22136 114 20890 151 15983 175 13186 188 9082 223 13093 278 11043
55 6414 99 11699 120 10286 138 8081 180 8148 247 8812 255 7704 295 6897
3 15289 14 21463 18 15005 164 11958 219 18730 249 17263 294 11304 308 12208
61 21047 72 18385 152 27774 168 24630 182 29998 250 20940 252 26475 295 21703
34 10523 46 11258 47 9772 72 8663 107 7213 156 8771 195 11310 298 7640
11 47848 40 32607 53 50545 57 32762 90 2198 187 1740 259 1873 312 1662
16 21493 35 26835 64 37169 68 28979 178 5693 208 5731 242 6420 290 6749
74 27733 123 21295 163 35190 189 18709 256 32128 265 35456 328 29834 334 25634
14 20695 100 15768 146 11388 174 13421 201 8428 241 10225 279 7311 325 5813
68 20255 104 23270 123 17268 241 26889 251 24829 282 23632 295 24555 298 22845
71 35233 120 33317 207 24392 229 36477 239 35244 257 28507 309 39019 311 52847
1 24505 11 41868 35 30438 92 24865 93 14583 120 18897 174 14130 278 15210
8 11695 38 15162 72 12393 114 18442 157 6031 223 6397 263 4874 274 4429
71 5508 90 5471 158 6265 168 4474 260 26424 289 27417 314 24092 317 21377
30 9593 85 8391 101 6184 102 11638 109 29969 216 20842 228 23322 288 21567
1 8755 5 14003 58 10235 63 11653 159 5960 245 5344 290 5019 320 5535
88 13941 92 14031 123 15813 134 21047 159 1663 164 1050 304 1100 310 1223
31 30923 34 36406 67 39313 76 34711 100 45179 175 49421 257 33331 333 34168
132 18231 199 18480 210 26882 235 19986 270 28281 297 32104 320 38446 333 27051
6 12512 55 10865 110 17360 126 12782 190 6537 221 10125 234 7631 258 7020
55 19511 64 33780 116 21651 117 36981 118 34162 177 26555 319 29522 333 27823
63 12037 65 10791 136 16373 160 13561 186 2916 198 3162 229 3133 268 1762
6 24746 37 38194 104 33326 138 27076 155 30825 275 35062 283 39954 286 34303
16 4225 56 4192 61 4969 169 6664 238 4564 255 3204 284 2844 334 2482
148 15000 172 14077 184 25163 253 17006 254 4411 281 6729 285 7025 301 4177
11 9056 25 5347 145 6041 156 6369 184 5842 240 4801 282 3493 287 3400
77 26171 120 37388 187 31085 215 26410 235 31505 253 31728 261 29417 297 32581
39 13812 48 20083 84 16105 114 20737 135 13482 202 8464 209 10012 281 13017
142 33629 149 36133 157 48687 208 39354 225 9393 263 10866 305 13149 332 14593
3 9905 25 7634 63 10073 168 10360 240 7202 251 5506 269 9176 284 5399
69 14898 91 15621 111 15749 147 14907 188 1157 239 1400 240 1632 326 1396
24 23194 59 23532 128 25053 139 21271 145 3364 208 3421 287 3110 306 3004
83 16725 137 11474 138 12437 139 9820 153 7712 204 11614 237 10511 253 7521
52 27502 113 23476 115 22273 116 23012 120 9188 178 6637 238 10320 256 7035
30 23659 58 17756 93 18678 138 19016 147 20329 219 33077 250 21491 274 20849
13 27308 67 29235 176 40465 177 22041 181 39314 225 33005 312 41703 326 41948
79 16184 106 19118 187 22063 195 25799 219 50653 253 37102 255 38100 282 32828
3 22468 9 27739 85 23389 138 21492 144 11721 157 11245 234 10001 250 8513
50 4248 72 3131 83 5158 85 4174 156 21344 204 33567 293 18152 301 18282
53 31155 130 24667 143 20194 145 19675 193 21710 198 32853 203 20419 213 22672
4 9994 49 7592 164 5686 196 8308 200 6296 228 4474 232 5801 267 4572
3 39083 51 32389 194 38965 203 32676 220 3243 223 2627 308 1881 332 2688
6 25427 43 32017 109 37890 162 25095 181 35480 207 34690 240 44243 303 32976
82 29119 189 23586 264 31638 277 23934 286 15168 295 12770 319 12754 330 19224
67 24258 127 29746 154 26275 241 32228 254 39944 307 40712 323 42003 325 37208
108 37404 128 26195 184 40733 242 29204 272 44596 287 27122 316 24962 330 43591
17 31438 86 20631 103 28397 138 21467 140 22969 186 20791 201 18796 281 21229
52 6814 78 8332 134 7870 181 6170 203 3387 206 5529 227 4258 233 4383
167 26593 220 37710 272 34800 274 21151 294 24798 299 43530 301 25315 324 42360
82 16035 106 14843 138 16186 236 15206 262 7989 275 5711 296 4023 333 4427
9 33205 67 27542 109 35039 135 35282 189 34664 202 37192 247 49590 251 39248
40 26110 59 24525 129 40944 162 25326 173 29589 212 35953 259 26757 263 21735
60 13874 101 7380 155 8825 221 12435 233 28674 244 29620 255 25444 329 19658
8 8169 48 12477 166 8323 196 12671 200 3372 208 2092 287 1902 321 2356
6 15404 9 21752 52 17740 73 21692 135 49933 141 30943 149 30943 284 32440
40 8753 46 9984 95 8165 150 9311 153 3367 190 2931 219 4483 314 2946
7 18731 176 34469 181 22170 202 20028 205 2450 206 3649 270 2261 324 3518
70 34793 74 49986 156 40329 183 33682 204 8860 256 5721 288 5754 289 5858
36 16401 99 18877 139 10296 197 10862 204 7308 212 7414 222 5892 281 6411
13 39075 26 42093 108 51888 139 30854 204 49206 229 45432 273 34082 331 26609
33 33495 42 29253 85 35501 91 28034 218 21670 237 19762 253 14140 323 13205
22 6705 39 6701 40 7703 48 9744 77 1499 118 1748 171 2222 279 1712
60 18564 90 16462 104 15156 135 16887 146 28433 162 31757 235 34167 238 50331
26 7274 98 5700 100 7550 112 6562 136 6785 188 3953 279 4771 318 3709
84 25249 93 26291 138 26767 157 30651 176 26417 181 16992 227 19587 248 18526
50 20841 83 25306 124 14775 140 26959 174 35388 189 29836 243 30637 329 28831
5 26528 9 26801 29 19118 53 29934 80 33112 178 39307 308 37178 312 43220
5 8143 30 7930 170 7831 210 8320 233 9533 288 8261 289 8411 308 7330
12 22820 37 30465 118 22425 124 16956 198 24356 212 26516 220 25969 261 15694
40 29988 67 34521 92 26134 108 42820 111 15204 136 25378 220 26315 229 24456
19 6455 29 4505 62 6758 80 3790 108 3671 221 3735 222 3363 241 3931
111 3969 158 7014 164 3745 219 6112 230 33164 237 37987 246 23318 322 27769
20 14169 46 15377 65 13817 77 12917 122 8484 188 5135 286 6504 288 5973
14 28444 68 20764 81 24510 226 19695 228 40974 260 37179 321 40294 328 34986
12 40271 43 43862 48 44833 80 29520 127 7153 235 5288 262 8315 286 5815
2 26967 6 25629 44 26707 161 30540 199 30093 206 47844 246 28119 314 29405
46 35838 47 31107 78 43486 119 32157 153 12844 159 16588 212 19623 250 11111
48 37724 117 48244 146 25899 174 30522 182 16192 204 19679 238 18640 324 17934
2 33561 82 34572 95 30272 138 34897 201 45559 246 32585 270 34359 307 34381
2 7477 85 8461 166 6100 184 11242 187 3897 202 3170 286 3930 300 4273
43 25381 52 23214 104 27146 148 19012 221 44721 250 28691 303 29317 330 44765
128 7219 175 9495 183 6222 188 6541 201 2061 293 1435 299 2485 323 1604
131 9828 139 8232 159 13494 170 12810 203 27878 206 45504 211 33727 309 36016
30 9145 197 6122 199 6596 258 6886 261 1621 269 2709 308 1556 309 2020
6 4864 31 4482 42 4773 59 4649 96 1080 195 1632 283 1640 320 1586
18 18452 34 17829 54 20458 79 13961 162 23719 245 30516 301 21616 317 20459
1 5915 23 5697 43 8522 48 8711 89 3311 99 5841 203 3527 330 5458
23 7355 89 7844 120 12168 206 13638 237 12223 254 7767 280 12321 325 7235
15 27399 68 33798 85 34330 165 30875 171 47323 177 28930 255 35973 259 40841
22 5129 35 6286 39 5126 77 5645 113 1385 114 1873 262 2353 287 1297
39 14875 52 19354 212 28151 214 27451 233 24597 243 17919 311 33259 328 19681
16 28140 59 30934 102 53451 150 35034 161 18048 167 17523 241 23568 312 16753
16 15187 60 28816 90 25552 150 18908 158 35246 191 20033 310 21925 317 17911
17 13182 55 7144 96 7373 146 7269 160 8707 173 9160 197 6055 321 7577
48 5790 60 7421 92 3989 134 5984 157 6201 212 8292 258 5074 298 4527
4 12214 41 7049 228 9008 234 8656 240 6807 280 7886 320 6884 324 7879
0 31021 47 31146 60 51003 71 45535 78 19195 108 19805 173 18793 234 15189
8 26175 21 45877 96 27836 111 29443 125 8313 243 6130 299 10516 315 6919
14 19346 49 14391 100 14741 124 10349 146 32376 213 38906 223 48692 303 35512
48 20233 110 21812 122 23945 130 19631 141 29320 186 44737 260 33179 298 28841
23 13006 35 16772 92 13701 98 14270 153 3535 160 4225 255 3540 307 3121
159 23812 223 22346 255 18465 257 15178 266 41970 276 37152 300 37526 317 25158
20 24772 44 24139 91 21781 103 33527 126 37930 144 48487 202 34974 303 35984
17 22916 23 12039 109 21312 225 12520 234 37463 248 38224 263 34048 317 28619
18 35329 36 43309 51 29832 57 32174 108 6015 112 4402 145 4123 275 4941
23 17008 31 18615 89 18140 106 20272 162 13377 254 12873 278 15193 313 16996
19 29024 38 21972 63 23393 89 18056 260 7736 271 8416 272 11131 300 9335
61 26238 66 22481 76 26544 99 40651 174 33808 244 41502 327 28031 331 28992
10 53512 122 51247 172 29781 199 33032 212 54633 247 40963 278 36557 284 31793
94 41425 110 45457 139 28303 147 29396 155 21683 216 21415 219 30168 293 18454
25 9431 30 14563 116 10309 163 17666 190 3966 248 4724 320 5464 332 5651
63 7101 107 5271 126 6237 154 7745 171 3071 205 2227 255 2334 265 2501
48 6125 57 4865 115 4439 159 6740 177 17722 286 23433 289 21909 303 19450
16 27443 47 31797 57 32270 104 42510 264 39191 267 39437 284 32440 310 34678
21 34832 27 33086 30 32102 70 21363 133 29229 224 21931 238 33283 300 27018
35 26467 82 26429 120 33956 171 35222 194 36978 277 28889 285 49045 312 35868
96 31618 113 34684 118 40082 128 35898 148 2358 172 2213 241 3891 298 2287
10 9731 83 9002 116 5896 175 8188 185 35228 191 33475 193 35750 197 32041
38 25975 65 24792 158 39827 160 31157 189 26627 228 35169 269 50247 320 39883
8 10647 121 11243 193 12847 213 13416 218 15685 227 11505 263 9693 289 10449
16 20018 56 19858 81 31860 110 31948 112 25719 191 23028 303 23442 323 24155
47 24155 131 24732 148 22617 165 25678 211 39735 243 30963 257 31000 292 29979
18 18080 101 14132 115 15022 118 18298 125 27682 224 23339 333 20952 334 19265
15 9357 67 11533 69 8829 107 8501 147 1331 167 1716 186 2105 233 1836
17 27214 101 14903 107 14664 172 15034 180 16038 224 14233 283 18781 316 11702
87 20894 90 21946 144 19594 195 20314 245 38963 272 46459 275 36624 329 26033
153 18490 196 22042 202 15885 227 20270 228 27545 285 35928 302 25766 315 24169
17 31485 18 22058 45 27114 165 21042 208 36732 229 55302 257 32739 327 31317
5 27886 10 31732 150 21594 173 27505 243 34650 278 43081 292 33549 328 38056
17 38853 24 22842 63 28205 91 22799 138 10085 143 9423 262 15389 334 7842
16 13228 113 14958 122 23176 145 15155 152 4770 238 5531 252 4240 265 4161
98 26816 109 43265 117 47790 118 32986 165 35610 185 33319 206 51907 231 31482
7 32977 8 31542 39 33132 146 33073 271 37990 291 34160 331 29638 334 28236
3 22437 13 21462 83 28860 157 24576 172 32743 238 57859 263 37461 284 36059
4 11410 45 10013 56 6258 178 7300 196 26481 197 18463 238 31690 274 18643
43 8823 58 7158 99 11098 112 7451 238 29085 239 20750 293 16605 294 16382
65 6441 115 5761 126 6311 142 5345 160 2606 180 2309 266 2824 273 2274
34 37756 55 30226 142 30123 187 40302 212 806 222 641 233 596 270 465
39 36436 115 38393 121 36630 157 51573 173 31952 194 26430 197 21121 249 31184
55 4314 104 6691 108 7219 152 6703 225 7677 293 7831 329 7440 332 11927
43 18525 140 23061 145 14654 156 15448 158 6175 196 4818 297 4047 314 3536
123 26358 129 42084 200 43039 237 39420 250 34763 283 49846 300 46536 327 31645
11 52663 52 40621 105 30247 137 35601 148 34356 150 39426 283 49540 284 35509
89 12603 92 12448 95 13323 151 14274 264 8768 268 6384 324 11205 327 6428
4 11886 22 6695 61 7728 101 6633 131 2644 167 2966 178 2579 219 3743
44 12848 54 15346 88 10863 108 17913 115 25274 134 36042 161 32290 249 36459
82 21847 98 18615 190 19239 206 31462 228 12985 245 14218 252 13428 311 18737
34 21280 38 21434 65 20457 68 22997 108 4023 134 3683 212 4638 311 4633
83 47594 106 32456 108 46999 111 30664 143 37766 164 33048 209 41164 321 42127
3 26824 13 25658 45 32360 70 21244 112 15279 132 13918 171 20757 239 16035
3 31671 36 38104 43 34865 114 36797 142 32698 223 50212 264 44498 298 34559
16 3394 40 3972 111 3701 135 5858 190 2065 288 2321 300 2748 317 1842
8 27859 52 38073 78 46553 131 34096 140 8523 168 6505 178 5470 265 6398
12 21192 46 21274 57 18740 96 16428 138 28002 203 24475 269 42402 331 22855
30 37794 58 28365 74 36134 84 28655 97 34811 166 24842 234 32244 235 30726
54 21131 169 23278 181 17704 196 22191 224 30400 235 31319 245 37451 307 28550
105 17113 176 32354 217 20541 255 21914 268 9798 283 15540 299 17671 302 12394
27 46187 59 31463 69 29521 71 48483 88 4791 96 4873 201 6975 221 8039
21 11561 33 8793 92 6941 217 8057 237 2155 242 1636 262 2408 311 2413
7 7147 28 8361 51 7690 185 8128 194 7501 253 7034 308 6259 316 5574
48 9752 51 7182 110 10513 153 8308 186 1766 204 2056 209 1387 274 1145
8 29847 20 37874 56 30545 63 41197 69 7376 155 8631 169 11278 246 7546
32 34867 74 37540 78 40619 93 30998 117 18665 207 11562 266 16104 313 14220
12 8407 83 10699 122 11077 145 7243 232 33057 279 24464 292 19192 295 21615
40 37208 63 42536 121 32541 164 32714 176 20271 300 15876 306 11119 313 15678
26 17028 32 17464 53 22787 92 12811 120 42193 260 31880 277 26992 299 46857
14 41813 86 27380 94 32925 152 35130 224 34571 258 34383 306 29829 322 36645
32 21792 40 18343 47 18160 50 21844 68 22518 101 16855 130 23988 190 18335
9 40343 103 41348 126 29187 155 29977 165 14268 214 21765 218 21835 330 19718
11 16747 14 18010 40 11412 52 12917 76 24390 152 31816 183 20681 239 26317
23 26669 40 32236 73 44614 128 32236 176 20292 187 14492 233 15489 333 11581
23 16061 142 16512 148 17996 204 31508 223 1108 234 929 241 1298 312 922
32 32319 86 28113 118 30375 185 26789 255 1345 272 1855 283 1666 299 1895
34 17194 55 13765 66 13885 88 13966 136 16298 241 16029 295 10126 316 8729
4 20418 64 19524 82 14075 225 11368 261 20287 280 30826 295 20116 327 17667
92 18184 148 19342 160 26874 263 20768 309 13114 318 9180 332 14436 333 9821
20 39300 25 32399 29 37021 144 47996 193 23930 209 26224 243 21217 330 34828
58 8239 74 10496 110 11190 165 8637 189 328 200 610 230 488 262 624
11 31317 24 19758 41 19035 68 24587 186 25658 213 19203 302 19617 309 22344
1 29175 14 53607 84 34456 117 54950 207 20881 262 34194 297 22489 313 25681
25 10065 44 11898 98 10545 107 9858 233 10634 238 13442 289 9382 296 7226
18 27789 75 25885 123 24738 192 22849 197 27665 253 32462 259 37846 264 35751
5 19262 18 15470 54 17152 58 14079 65 34369 185 33024 231 31203 317 28057
28 32602 32 38236 60 52178 66 27707 154 44420 179 37762 193 35602 252 41988
33 20096 48 23024 63 20808 65 18654 68 34806 108 43140 131 30625 235 31529
88 11093 95 11950 115 11744 174 13112 250 9223 271 11131 290 11596 328 9628
12 17734 18 17220 96 13748 161 18280 177 22787 180 29968 213 27399 230 33669
10 27272 129 27359 143 17529 152 23133 196 32408 215 24390 241 38582 252 29733
75 14604 114 18560 122 21273 138 15281 212 10586 249 8503 265 7436 320 8310
10 20746 48 16788 60 21516 150 14118 152 33867 209 27972 243 22632 246 23030
33 25896 110 31984 151 23439 163 38067 202 31196 266 47028 276 41629 301 29785
17 39094 84 25181 149 22686 162 24079 167 17861 194 17605 200 25191 219 22538
26 10080 74 11131 121 7610 136 13532 137 17052 250 16025 264 19897 298 15452
62 8697 167 6659 171 8315 202 5422 241 39786 286 29855 287 23542 289 27913
39 15989 148 17037 185 18099 230 23569 236 27267 246 24337 281 38431 329 22506
82 20391 97 22631 100 23016 136 29764 168 28122 175 31460 211 27196 229 35841
25 24973 117 46628 150 30662 165 30336 202 33236 205 36970 207 35972 332 47984
17 6713 52 4825 65 4369 159 5933 167 24169 218 34235 240 27164 319 20510
32 23127 117 31491 134 25447 161 22798 172 25004 246 25915 267 33476 285 42725
40 30268 58 30390 96 26659 132 28812 149 35747 155 40340 304 36035 333 35572
113 24086 120 34121 122 37320 166 21034 218 4488 245 3477 258 2807 293 2445
130 15533 186 17648 206 19417 207 12682 218 38603 225 20621 235 25012 304 22079
7 5431 85 7341 92 5467 106 6185 153 5634 239 5734 269 8513 298 4699
11 28156 28 19436 37 29105 48 24271 131 32584 168 37795 177 27899 186 44822
12 14587 28 13005 61 12900 74 16422 141 1063 234 1274 240 1487 266 1624
13 26120 37 36846 55 20731 97 28720 131 8674 201 10787 204 13888 279 9357
41 7405 49 9747 119 8497 183 7156 230 2747 232 3166 247 2645 327 1818
35 14044 47 13033 222 17224 229 19727 266 1069 275 898 290 897 302 816
45 6141 48 5728 85 5299 108 6466 160 42141 225 28151 265 37842 314 30850
114 24254 177 16117 222 24296 228 21164 231 25712 253 29042 270 26272 306 24153
21 34469 56 20126 85 27787 88 20561 160 40422 190 29442 224 31791 236 31705
114 26142 130 24565 167 22759 221 29083 227 28985 241 37522 284 23505 334 20514
13 23632 94 27310 145 21513 157 27061 182 44075 243 29243 262 54156 303 31437
30 35442 76 26927 145 25933 156 27339 172 7794 204 14540 220 14445 295 8656
0 14394 15 13634 161 17096 174 14940 221 5691 240 5005 261 3816 330 5697
20 34464 48 41480 214 52647 235 34222 260 36695 286 40721 295 34283 324 52484
160 22937 169 23999 175 23425 206 27321 251 30460 257 27658 297 33648 319 30084
64 16690 65 11576 86 11672 97 13355 224 16097 282 14776 316 13235 329 13250
24 14467 41 13937 76 15883 155 16114 185 728 277 647 314 697 324 1094
101 28164 108 46634 127 46102 155 33680 211 35494 279 34135 283 41724 315 31216
34 28503 98 24269 110 36460 142 22740 162 39925 257 36514 258 41469 328 40055
17 15016 91 8811 153 10275 186 13295 209 6657 237 8928 241 9296 259 7448
53 30949 76 20293 109 29240 146 17338 189 28660 200 53266 278 36591 296 27448
44 12622 50 14677 57 12383 80 10265 116 3658 223 5045 231 3594 237 5674
33 4659 42 4069 76 4289 87 5776 139 17632 231 19322 250 19358 327 17621
134 36635 153 30201 202 25946 233 34084 245 40924 255 35392 260 33913 272 48797
41 32099 48 45524 67 41431 82 38340 100 21364 256 18620 264 20564 301 15705
113 20862 152 28629 179 22887 187 24571 215 13840 233 17411 272 21301 311 23542
108 35768 167 28483 189 21615 285 37236 299 52003 305 41206 316 28495 334 28607
14 9426 33 6594 56 5062 94 7422 182 42009 233 38259 323 30875 325 27350
20 24923 22 20643 195 31556 214 38072 257 28459 300 40034 307 30519 317 26839
30 28084 109 30742 123 20617 150 22330 176 43206 252 31959 306 23701 312 29479
52 4982 215 4256 217 4453 226 4810 235 11277 299 16425 301 9552 329 9010
80 20794 131 25308 133 33705 200 40039 203 25075 204 43300 240 34096 255 28793
4 42355 28 27765 115 25125 137 27190 167 22627 221 28915 260 20579 304 18332
5 26156 37 28881 66 16391 87 26060 137 30371 209 33529 266 42730 323 30049
60 41819 77 24714 98 23414 146 22401 150 18453 173 23505 191 16232 212 28560
70 22384 96 22146 128 25143 132 23934 134 4255 136 5062 157 4008 209 3565
66 15961 84 18806 107 15733 126 18616 137 831 273 942 278 923 330 1219
41 11225 60 20404 123 12361 179 13340 269 10109 279 6789 285 9229 292 5326
13 6374 95 5529 126 5951 136 9217 177 25408 188 26524 242 32638 265 33858
53 22512 58 14582 87 19877 91 13420 118 5207 223 6091 236 4711 300 5820
27 33747 32 29077 84 24826 165 25759 182 44044 202 30534 221 47923 256 34564
31 30480 68 38780 85 39391 94 41830 167 13910 169 16485 181 12537 191 11447
6 37724 89 33869 98 34842 102 62297 204 10394 211 7282 229 9597 318 5444
7 4715 11 7990 118 6080 210 7643 213 31657 223 39620 314 28601 330 44121
10 36399 13 25039 15 21748 76 23668 100 21585 233 21832 249 23738 261 17492
8 21525 24 24061 73 35969 116 24614 149 16873 223 24115 227 21813 228 21042
20 13382 56 10793 115 11672 171 18078 188 31247 279 37712 308 32250 314 32516
16 4596 36 7275 133 7262 200 8626 210 3003 275 2510 276 2644 288 2255
47 7737 53 12115 83 11301 117 12643 261 30620 274 28420 310 32183 318 26712
27 37751 43 33881 47 27105 119 28020 185 35706 209 39708 268 30559 317 30335
22 24977 75 29489 153 30923 214 46067 228 39475 235 36146 257 30726 316 28848
47 9116 63 10527 107 7814 138 9901 202 2922 281 4494 291 3193 332 4219
49 10195 81 11810 192 7878 264 10052 272 1641 283 1474 296 911 329 919
34 21528 37 30632 44 20681 45 27387 68 36374 91 29176 182 42164 267 36773
52 30201 68 30740 69 23515 100 32084 143 5675 156 5829 205 5817 299 8585
16 21610 63 28913 78 35003 133 34144 190 31058 207 33175 233 40267 294 28668
43 39484 80 26573 206 48947 211 36279 223 24616 291 19066 304 17362 320 24359
38 35703 126 33385 127 46936 150 35370 212 60933 231 34437 254 34545 287 33493
56 3838 57 4550 77 4339 110 6176 136 45598 168 34478 236 29623 261 28573
45 44102 88 28158 187 37005 223 42473 231 37266 270 38077 296 33098 300 49981
29 13696 49 16241 103 19679 108 19755 217 35318 226 38151 283 46667 328 33976
89 24716 90 40269 115 25678 163 45462 197 30860 203 32384 265 39849 322 36996
19 6364 101 3869 178 4436 201 5657 246 29612 253 34516 292 28175 301 29030
2 28179 58 27359 166 22991 191 25497 213 19449 298 16753 300 23257 323 18292
10 40670 31 23558 97 30761 173 35252 199 36613 255 40950 293 33302 297 40950
36 16121 70 10612 111 11104 133 16092 198 6633 235 4577 259 5374 261 4274
12 37740 23 27479 36 44923 140 51168 151 39249 277 34389 281 55920 294 34008
104 8481 148 5940 201 8078 246 5778 248 23072 254 19273 288 21762 316 17197
0 13322 54 16526 63 15445 178 13357 246 9533 264 12238 300 13194 328 10289
9 26383 65 19482 114 24828 129 29810 211 36555 217 32521 247 39685 333 29235
25 29738 70 30558 196 44093 216 34960 229 22022 250 13700 299 22338 317 12295
76 17752 102 28346 109 25578 127 24654 132 28172 155 30520 266 41306 300 36932
22 18618 80 17814 85 25029 177 18563 219 3195 224 2255 242 2482 263 2216
0 31050 15 29410 58 31617 98 28583 172 33570 225 33200 271 43412 322 41434
38 23228 87 29608 90 31098 106 21331 118 8003 126 7196 198 10839 330 10425
57 20095 76 20329 86 20668 130 24546 260 40107 267 45172 303 36943 306 33899
13 15621 15 13568 31 13154 65 14888 185 35191 213 37293 239 39193 268 30118
13 12297 42 11027 110 15595 164 10055 222 9165 244 8801 253 7362 325 6090
11 19119 50 15516 86 13464 137 12925 169 4098 175 4000 238 4675 248 3398
11 13163 44 9187 74 11474 173 12154 175 26794 238 31315 277 17836 317 17042
47 9856 75 10231 92 8676 140 15336 194 35939 274 29001 306 28028 332 42862
56 15446 86 18832 148 16893 149 16653 184 20901 199 12970 252 15841 297 14506
20 36234 25 29871 39 29993 51 32119 190 3137 282 3110 305 4028 324 4947
78 22835 87 22582 105 13905 109 24163 125 14003 272 17343 280 17256 314 10989
10 11380 27 10038 46 8303 78 10075 117 39991 263 24606 306 21608 329 20613
12 21112 91 17171 114 24269 133 25085 137 4851 182 6531 204 7937 263 4868
1 13273 11 22677 12 17559 71 22368 151 10074 185 9927 220 16255 262 16542
1 32037 59 35036 139 31671 189 32186 255 25996 283 32197 286 27644 325 20943
99 39656 173 34518 204 41346 219 36552 221 44181 223 39712 297 32814 313 37471
27 27329 111 18465 112 20713 138 21313 225 29179 228 38651 254 31655 320 43832
36 28303 48 26470 112 21869 132 19920 170 46598 190 33086 230 45230 334 29491
56 21539 105 21416 108 36285 111 23674 129 18057 167 13093 186 16056 194 12905
4 12293 30 10643 83 11503 115 7292 174 13481 191 12326 211 14978 244 16549
18 13533 66 10559 72 10765 108 17515 123 1259 154 1598 213 1337 240 1638
32 43128 78 50242 115 33278 137 36012 169 46382 209 37694 273 38692 279 37638
31 22183 151 24481 179 25967 197 21942 205 7524 207 7321 221 10617 270 6946
20 4618 34 4685 104 5816 105 3703 186 3718 241 4078 258 2686 265 3083
38 16200 46 17208 54 18456 61 15159 108 10478 109 10746 194 8224 283 9808
62 29895 118 22477 199 19425 204 32672 211 9271 220 13147 271 9173 323 8003
48 8081 49 7500 111 5952 116 6051 124 17218 136 31713 183 17577 289 21883
16 16618 35 20748 47 19255 158 32020 213 13903 228 15183 233 16203 285 19803
6 20369 54 25353 59 19467 73 28684 96 23483 205 27457 213 27823 277 23345
35 21640 72 17803 165 21349 207 20326 242 30137 290 31683 325 23502 328 26305
22 8201 25 8162 60 15274 132 8968 161 1282 200 1756 218 1763 228 1248
49 20942 52 20192 70 15882 71 25820 150 37975 168 41974 263 35532 282 33195
6 21748 30 29605 79 18472 86 22868 95 18609 108 28486 118 22275 233 24263
7 21232 57 24637 132 23342 211 27882 272 30363 278 22479 316 16995 318 17345
42 5678 44 6031 140 9071 148 5458 188 21095 261 22687 288 24539 319 22466
4 32297 28 21171 32 24829 35 22297 152 43790 180 37698 216 33639 333 30034
23 29210 57 35476 66 30396 82 37613 205 32477 213 32911 257 27976 312 34284
47 32363 56 27708 58 32823 112 34162 141 8826 156 9967 226 10554 234 10577
3 36061 12 36447 34 34197 88 27776 99 30336 223 25453 237 28626 269 31733
14 48815 43 38279 97 36572 181 31701 189 31070 198 54451 252 42437 256 37735
22 5419 49 7309 79 5197 84 6315 90 6164 121 3750 238 6592 248 4791
14 40883 58 26011 64 38279 246 23358 259 39049 260 32957 323 31280 325 27709
81 29222 86 22206 120 29411 196 27604 259 44752 307 34746 323 35848 327 30993
61 31593 96 27695 129 49308 132 29932 173 21829 212 26524 243 14275 334 13471
0 29545 3 33682 6 29447 123 29427 129 12984 130 10162 209 9068 276 10230
44 32523 49 37279 53 49226 95 29622 97 43337 101 31609 193 36629 247 45246
27 13473 221 14198 255 10545 282 9086 288 18876 305 21571 317 14984 330 26050
9 9841 25 6143 68 8169 97 8383 124 28381 156 34692 181 34452 239 36870
54 6549 67 6163 95 4994 196 6878 208 39049 246 35374 248 43839 289 42097
82 31737 97 35224 137 29553 183 25677 187 28569 226 27434 240 32085 267 29241
22 11744 82 14373 126 13547 134 17638 179 30393 226 31332 228 32679 318 24374
43 42061 68 39156 70 30259 108 48531 135 46667 190 29686 245 39491 299 48100
60 36021 91 20532 154 27704 208 22115 238 43789 279 31149 318 24213 331 25000
14 31869 28 20456 111 18813 184 31401 274 29512 285 48507 301 28844 331 28639
44 33971 119 33947 155 34207 161 38847 202 29931 256 33881 269 52642 286 37102
108 6587 109 6756 123 4531 126 4632 146 26092 250 28009 267 34995 283 40160
8 27151 40 32782 123 32197 161 38392 189 18039 219 29996 283 27944 295 20199
74 35956 75 28889 97 33236 149 25689 166 12902 249 20220 285 22730 323 15008
35 16632 125 18731 140 24017 156 16089 177 19655 205 23321 231 21071 246 20419
3 9712 15 8069 33 9539 47 8553 58 20032 106 19673 124 16843 285 29657
105 29973 153 38325 160 45804 233 43253 254 40705 274 39441 284 41782 292 37413
3 3612 11 4714 61 3228 176 5119 183 6573 210 10705 277 6678 327 6472
19 10621 99 11656 124 6322 156 7728 196 12941 199 9721 235 10513 293 8842
93 5785 97 6476 110 7469 138 5890 194 8849 282 7342 288 8321 334 6602
42 33372 97 40918 114 45200 124 29217 135 39017 184 41142 233 32179 316 22036
36 33410 42 23821 62 36684 77 23667 86 32561 158 51874 169 42459 268 26555
141 28850 154 39363 157 38873 213 32945 246 33813 251 36638 260 38781 320 48468
36 38424 65 29116 166 23971 197 25446 237 14057 299 14547 307 9104 334 8002
38 16358 60 24699 177 13222 186 21243 197 21491 279 26239 289 25746 302 25579
154 26617 164 18769 178 21106 279 23344 281 20152 286 16243 287 12808 294 12255
14 47209 16 25560 17 47109 27 41248 32 13831 109 17050 255 12565 281 16576
33 26655 83 34909 88 20904 196 31013 263 41555 295 40338 298 37530 319 40286
6 18069 81 25002 100 22107 106 18129 133 33078 143 24618 244 30783 277 21454
78 13407 88 8388 212 15949 249 12810 253 16762 256 16715 262 26172 321 17876
14 25112 75 16353 94 19774 102 25826 112 30271 154 36117 242 32293 333 26341
60 29290 87 24728 98 16399 100 21724 159 39667 218 45905 243 25253 296 23553
82 28737 128 26976 165 28391 174 27609 180 37623 224 33388 312 35832 317 27576
95 11021 96 10406 109 17303 144 15164 174 21683 196 27217 226 23151 306 18518
32 26206 70 19639 77 21134 170 29144 238 27461 243 15827 251 17452 271 20096
19 11221 33 8735 36 10700 154 9865 158 54148 162 31901 286 37744 294 28479
13 17060 51 14780 97 18758 114 20721 190 28268 192 27335 284 28870 287 27269
96 4225 168 5640 176 7644 177 4163 178 950 234 1053 237 1412 330 1398
39 8019 81 12535 117 14911 143 9261 219 11605 262 13273 276 9993 329 6744
8 22786 38 29542 96 24233 152 36479 155 14888 213 15066 290 16921 312 15695
72 31778 92 31554 126 36354 167 41170 181 5554 201 6831 301 4790 325 4711
77 30331 115 29020 148 29346 175 41641 220 40887 222 33178 261 24709 307 24124
15 21731 92 20277 146 20206 221 33809 247 22616 270 17418 301 16195 332 24489
6 31288 36 43057 67 36648 82 33914 162 33779 202 32242 252 41044 289 37367
2 23787 108 32844 117 37209 127 32470 128 33166 147 29247 218 53418 297 35793
38 14824 67 15892 108 19713 145 13514 167 22349 230 25205 296 16242 330 28587
40 43
328
0
1
2
3
4
6
7
8
9
10
11
12
13
14
15
16
17
18
19
20
21
22
23
24
25
26
27
28
29
30
31
32
33
34
35
36
37
38
39
40
41
42
43
44
45
46
47
48
49
50
51
52
53
54
55
56
57
58
60
61
62
63
64
65
66
67
68
69
70
71
72
73
74
75
76
78
79
80
81
82
83
84
85
86
87
88
89
90
91
92
93
94
95
96
97
98
99
100
101
102
103
104
106
107
108
109
110
111
112
113
114
115
117
118
119
120
121
122
123
124
125
126
127
128
129
130
131
132
133
134
135
136
137
138
139
140
141
142
143
144
145
146
147
148
149
150
151
152
153
154
155
156
157
158
159
160
161
162
163
164
165
166
167
168
169
170
171
172
173
174
175
176
177
178
179
180
181
182
183
184
185
186
187
188
189
190
191
192
193
194
195
196
197
198
199
200
201
202
203
204
205
206
207
208
209
210
211
212
213
214
215
216
217
218
219
220
221
222
223
224
225
226
227
228
229
230
231
232
233
234
235
236
237
238
239
240
241
243
244
245
246
247
248
249
250
252
253
254
255
256
257
258
259
260
261
262
263
264
265
266
267
268
269
270
271
272
273
274
275
276
277
278
279
280
281
282
283
284
285
286
287
288
289
290
291
292
293
294
295
296
297
298
299
300
301
302
303
304
305
306
307
308
309
310
311
312
313
314
315
316
317
318
319
320
321
322
323
324
325
326
327
328
329
330
331
332
333
334
